-5.8203354E+001 -1.6907592E-001
-5.8011990E+001 -2.8199419E-001
-5.7820626E+001  1.4988077E-001
-5.7629263E+001  1.7386364E-001
-5.7437899E+001  1.3298625E-001
-5.7246535E+001  1.5932797E-001
-5.7055171E+001 -5.0106668E-002
-5.6863808E+001  1.5739376E-001
-5.6672444E+001  2.3367697E-001
-5.6481080E+001 -2.5074262E-002
-5.6289717E+001  1.5719342E-001
-5.6098353E+001  1.5570645E-001
-5.5906989E+001  4.0062247E-001
-5.5715626E+001 -4.1000333E-002
-5.5524262E+001 -6.1104221E-002
-5.5332898E+001  2.7831657E-002
-5.5141535E+001  6.6289820E-002
-5.4950171E+001  4.1306061E-001
-5.4758807E+001  1.0101455E-001
-5.4567443E+001  1.1975409E-001
-5.4376080E+001  1.0539957E-002
-5.4184716E+001  1.2947597E-001
-5.3993352E+001  1.2937488E-001
-5.3801989E+001  2.2371468E-001
-5.3610625E+001  3.0256105E-001
-5.3419261E+001  2.4083474E-001
-5.3227898E+001  1.4625059E-001
-5.3036534E+001  1.8264870E-001
-5.2845170E+001  1.5150387E-001
-5.2653806E+001  3.4419760E-001
-5.2462443E+001  4.9175583E-001
-5.2271079E+001  6.3476863E-001
-5.2079715E+001  5.9428833E-001
-5.1888352E+001  4.1796588E-001
-5.1696988E+001  3.7445037E-001
-5.1505624E+001  4.8895898E-001
-5.1314261E+001  5.2400713E-001
-5.1122897E+001  6.2618151E-001
-5.0931533E+001  4.9352317E-001
-5.0740170E+001  8.2219079E-001
-5.0548806E+001  7.0118555E-001
-5.0357442E+001  8.9640365E-001
-5.0166078E+001  7.7638029E-001
-4.9974715E+001  8.1074258E-001
-4.9783351E+001  8.9231210E-001
-4.9591987E+001  8.7493550E-001
-4.9400624E+001  6.8200633E-001
-4.9209260E+001  4.8696429E-001
-4.9017896E+001  4.9500089E-001
-4.8826533E+001  3.0586894E-001
-4.8635169E+001  2.8561590E-001
-4.8443805E+001  1.1563201E-001
-4.8252442E+001  1.8563735E-001
-4.8061078E+001 -3.5476676E-002
-4.7869714E+001 -7.4281363E-002
-4.7678350E+001 -1.3857960E-002
-4.7486987E+001  8.6958806E-002
-4.7295623E+001  4.2658643E-001
-4.7104259E+001  1.5509275E-002
-4.6912896E+001 -3.9795446E-002
-4.6721532E+001  1.8886918E-002
-4.6530168E+001 -6.9888030E-002
-4.6338805E+001 -4.0737223E-003
-4.6147441E+001 -1.5684546E-001
-4.5956077E+001  6.6978349E-002
-4.5764713E+001 -1.0550106E-001
-4.5573350E+001 -6.7891124E-002
-4.5381986E+001 -9.9485544E-002
-4.5190622E+001  5.7438439E-002
-4.4999259E+001  3.9988069E-002
-4.4807895E+001  3.5025411E-002
-4.4616531E+001  2.2151392E-001
-4.4425168E+001  2.3606951E-001
-4.4233804E+001  4.4227070E-002
-4.4042440E+001  1.5840114E-001
-4.3851077E+001  1.5857189E-001
-4.3659713E+001 -2.8511631E-001
-4.3468349E+001  1.7517457E-002
-4.3276985E+001 -7.9391289E-002
-4.3085622E+001  1.1131767E-001
-4.2894258E+001 -5.4447594E-002
-4.2702894E+001 -1.4056899E-001
-4.2511531E+001  1.9683119E-002
-4.2320167E+001  7.0654411E-002
-4.2128803E+001  1.6613874E-001
-4.1937440E+001  8.8735544E-002
-4.1746076E+001  3.8378404E-002
-4.1554712E+001  2.0423162E-001
-4.1363349E+001  2.3669398E-001
-4.1171985E+001 -1.6133279E-001
-4.0980621E+001  2.5376952E-001
-4.0789257E+001  6.0243079E-002
-4.0597894E+001  3.5779474E-002
-4.0406530E+001 -4.4151479E-002
-4.0215166E+001  2.8458730E-002
-4.0023803E+001  2.4265758E-001
-3.9832439E+001 -4.7740938E-002
-3.9641075E+001  2.4039988E-002
-3.9449712E+001  1.8417035E-001
-3.9258348E+001 -6.6285218E-002
-3.9066984E+001 -1.7170412E-001
-3.8875621E+001  9.0652675E-002
-3.8684257E+001 -2.0909331E-001
-3.8492893E+001  1.4362530E-001
-3.8301529E+001  1.3559354E-001
-3.8110166E+001  5.5322832E-002
-3.7918802E+001  2.9113206E-002
-3.7727438E+001 -1.9421863E-001
-3.7536075E+001  1.6893387E-001
-3.7344711E+001 -1.1828281E-001
-3.7153347E+001  3.4890733E-001
-3.6961984E+001  1.2373241E-001
-3.6770620E+001 -4.3857770E-002
-3.6579256E+001  4.7719810E-002
-3.6387892E+001  3.6001502E-001
-3.6196529E+001  1.0529425E-002
-3.6005165E+001  2.3559789E-001
-3.5813801E+001 -3.4673536E-002
-3.5622438E+001  1.4733937E-001
-3.5431074E+001  1.1528749E-001
-3.5239710E+001  1.8274821E-001
-3.5048347E+001 -1.6638216E-001
-3.4856983E+001  1.7832639E-002
-3.4665619E+001  2.2638027E-002
-3.4474256E+001  5.9761610E-002
-3.4282892E+001  2.6853400E-001
-3.4091528E+001  9.7777991E-002
-3.3900164E+001 -1.5331812E-002
