 1.0805452E+001 -1.0954005E-001
 1.0462958E+001 -4.9391199E-002
 1.0120463E+001 -4.5825222E-002
 9.7779694E+000  2.9333906E-002
 9.4354750E+000 -1.0819301E-001
 9.0929806E+000  6.5000287E-003
 8.7504862E+000 -2.6855031E-003
 8.4079918E+000 -1.1947185E-001
 8.0654974E+000  3.7842761E-002
 7.7230030E+000 -9.7554391E-003
 7.3805086E+000 -2.4976562E-002
 7.0380142E+000  4.4818168E-003
 6.6955198E+000  1.5829752E-002
 6.3530254E+000  2.1779559E-002
 6.0105310E+000 -6.9341701E-002
 5.6680366E+000  1.0649822E-001
 5.3255422E+000  3.2635333E-002
 4.9830478E+000  6.2508586E-002
 4.6405534E+000  7.9312863E-002
 4.2980590E+000 -9.5789569E-002
 3.9555646E+000  4.7411038E-002
 3.6130702E+000 -9.5140724E-002
 3.2705758E+000  3.4994733E-002
 2.9280814E+000 -1.3169874E-002
 2.5855870E+000 -4.5799057E-002
 2.2430926E+000 -1.5045585E-001
 1.9005982E+000  1.1390620E-001
 1.5581038E+000 -9.2600862E-002
 1.2156094E+000  8.4310557E-002
 8.7311500E-001  7.3199149E-002
 5.3062060E-001  8.5906046E-002
 1.8812620E-001  2.5054594E-002
-1.5436819E-001 -1.5941791E-001
-4.9686259E-001 -5.1250084E-002
-8.3935699E-001 -2.0342613E-001
-1.1818514E+000 -7.7668913E-003
-1.5243458E+000 -2.7285536E-002
-1.8668402E+000 -4.1842756E-002
-2.2093346E+000  9.4455374E-002
-2.5518290E+000  3.0124377E-002
-2.8943234E+000  1.4542515E-002
-3.2368178E+000 -1.1527031E-003
-3.5793122E+000  6.0713553E-002
-3.9218066E+000 -3.3903937E-003
-4.2643010E+000  1.3111623E-002
-4.6067954E+000 -9.8823845E-002
-4.9492898E+000  1.9771071E-002
-5.2917842E+000 -2.3512102E-002
-5.6342786E+000 -6.4826186E-002
-5.9767730E+000 -8.8258012E-002
-6.3192674E+000 -5.3547329E-002
-6.6617618E+000  1.6588358E-001
-7.0042562E+000 -1.0941574E-001
-7.3467506E+000  1.2827201E-001
-7.6892450E+000  2.6334735E-002
-8.0317394E+000  2.0993872E-001
-8.3742338E+000  2.7752072E-001
-8.7167282E+000  4.1067928E-001
-9.0592226E+000  3.8079155E-001
-9.4017170E+000  5.1561706E-001
-9.7442114E+000  3.0894514E-001
-1.0086705E+001  4.7960103E-001
-1.0429200E+001  3.4957696E-001
-1.0771694E+001  2.1548950E-001
-1.1114189E+001  1.9096841E-001
-1.1456683E+001  7.8288485E-002
-1.1799177E+001  1.9340307E-001
-1.2141672E+001  3.8502875E-003
-1.2484166E+001  3.7036981E-002
-1.2826661E+001 -1.1232587E-001
-1.3169155E+001  5.5273259E-002
-1.3511649E+001  1.3520414E-001
-1.3854144E+001 -1.0954942E-001
-1.4196638E+001 -5.1713457E-002
-1.4539133E+001  3.1819582E-003
-1.4881627E+001  9.5347606E-002
-1.5224121E+001  6.1982934E-002
-1.5566616E+001  4.2981370E-002
-1.5909110E+001  4.9159126E-002
-1.6251605E+001 -5.8916581E-002
-1.6594099E+001 -7.1547514E-002
-1.6936593E+001  9.6029585E-002
-1.7279088E+001 -9.2118674E-002
-1.7621582E+001  1.0945187E-001
-1.7964077E+001 -5.2575043E-002
-1.8306571E+001  4.3805005E-002
-1.8649065E+001  8.8930786E-002
-1.8991560E+001  7.5002005E-002
-1.9334054E+001  1.2161487E-001
-1.9676549E+001  9.4188186E-002
-2.0019043E+001  8.5264290E-002
-2.0361537E+001 -1.5182589E-001
-2.0704032E+001  2.3020829E-002
-2.1046526E+001  1.8977180E-001
-2.1389021E+001 -1.9557286E-002
-2.1731515E+001  1.4294785E-001
-2.2074009E+001 -1.6883873E-001
-2.2416504E+001  1.2089007E-001
-2.2758998E+001  2.9324187E-002
-2.3101493E+001  6.8424446E-002
-2.3443987E+001  2.2504217E-002
-2.3786481E+001  5.8509320E-002
-2.4128976E+001  1.1719373E-001
-2.4471470E+001  6.0005787E-002
-2.4813965E+001 -4.9786445E-002
-2.5156459E+001 -6.4359679E-002
-2.5498953E+001  1.0661097E-001
-2.5841448E+001 -5.9232875E-002
-2.6183942E+001 -6.6827295E-002
-2.6526437E+001 -2.9066749E-002
-2.6868931E+001  3.5681223E-002
-2.7211425E+001 -4.3749155E-002
-2.7553920E+001  1.5391848E-001
-2.7896414E+001  5.4337313E-003
-2.8238909E+001  5.8045847E-002
-2.8581403E+001 -3.1795923E-002
-2.8923897E+001 -1.0627608E-001
-2.9266392E+001  1.4021620E-001
-2.9608886E+001 -1.0063415E-001
-2.9951381E+001  3.1998246E-002
-3.0293875E+001  0.0000000E+000
-3.0636369E+001  0.0000000E+000
-3.0978864E+001  0.0000000E+000
-3.1321358E+001  0.0000000E+000
-3.1663853E+001  0.0000000E+000
-3.2006347E+001  0.0000000E+000
-3.2348841E+001  0.0000000E+000
-3.2691336E+001  0.0000000E+000
