-6.9463740E-001 -9.4710348E-002
-1.0371318E+000  1.2733933E-001
-1.3796262E+000  4.1993328E-002
-1.7221206E+000  7.8738264E-002
-2.0646150E+000 -5.7869829E-002
-2.4071094E+000 -1.6219194E-002
-2.7496038E+000 -1.3595843E-001
-3.0920982E+000 -1.6530584E-002
-3.4345926E+000  4.7223765E-002
-3.7770870E+000  9.1185646E-002
-4.1195814E+000  4.8365690E-002
-4.4620758E+000 -2.2167548E-002
-4.8045702E+000  7.7124633E-003
-5.1470646E+000 -9.1473239E-003
-5.4895590E+000 -5.8810981E-002
-5.8320534E+000 -4.1144349E-002
-6.1745478E+000 -5.3815566E-002
-6.5170422E+000  1.7409518E-001
-6.8595366E+000  3.6956735E-002
-7.2020310E+000  8.0017516E-002
-7.5445254E+000 -1.5429885E-002
-7.8870198E+000 -8.5542299E-002
-8.2295142E+000  1.6629030E-001
-8.5720086E+000 -7.0893413E-003
-8.9145030E+000 -1.0425348E-002
-9.2569974E+000  5.1281130E-002
-9.5994918E+000  2.3732328E-002
-9.9419862E+000  3.4698251E-002
-1.0284480E+001 -2.8667120E-002
-1.0626975E+001  3.3270441E-002
-1.0969469E+001  1.1423866E-001
-1.1311963E+001  2.1169974E-002
-1.1654458E+001 -9.7961477E-002
-1.1996952E+001 -2.4793453E-002
-1.2339447E+001 -9.9203327E-003
-1.2681941E+001  3.9140652E-002
-1.3024435E+001 -7.1125906E-002
-1.3366930E+001  9.0445512E-002
-1.3709424E+001  8.3973007E-002
-1.4051919E+001 -2.4522884E-002
-1.4394413E+001  1.7938254E-001
-1.4736907E+001  9.9232347E-002
-1.5079402E+001  3.1053123E-001
-1.5421896E+001  1.3130155E-001
-1.5764391E+001  7.9228111E-001
-1.6106885E+001  5.4771662E-001
-1.6449379E+001  3.6622569E-001
-1.6791874E+001  3.8945598E-001
-1.7134368E+001  5.7614519E-001
-1.7476863E+001  7.7679037E-001
-1.7819357E+001  6.7450891E-001
-1.8161851E+001  5.7197235E-001
-1.8504346E+001  5.3165371E-001
-1.8846840E+001  2.7203851E-001
-1.9189335E+001  4.5053016E-002
-1.9531829E+001  2.5282435E-001
-1.9874323E+001  5.3305912E-002
-2.0216818E+001  2.8343984E-001
-2.0559312E+001  4.2839837E-002
-2.0901807E+001  4.5415666E-002
-2.1244301E+001  6.9441780E-002
-2.1586795E+001 -2.8469089E-002
-2.1929290E+001 -2.9363642E-002
-2.2271784E+001  1.6987317E-001
-2.2614279E+001  1.7324341E-001
-2.2956773E+001  1.2871519E-001
-2.3299267E+001  2.2244650E-002
-2.3641762E+001  4.6212755E-002
-2.3984256E+001  5.9975276E-002
-2.4326751E+001 -5.7551432E-002
-2.4669245E+001  2.2831353E-001
-2.5011739E+001  5.6420170E-002
-2.5354234E+001 -7.9866320E-002
-2.5696728E+001 -8.7787273E-002
-2.6039223E+001 -1.5091002E-001
-2.6381717E+001 -1.7540365E-002
-2.6724211E+001 -1.5524732E-002
-2.7066706E+001 -1.2941126E-001
-2.7409200E+001  9.8428008E-002
-2.7751695E+001 -5.7700033E-002
-2.8094189E+001  8.6970625E-002
-2.8436683E+001 -4.1919674E-002
-2.8779178E+001  4.3632335E-003
-2.9121672E+001  1.2448822E-001
-2.9464167E+001  7.8685982E-002
-2.9806661E+001 -1.4051852E-001
-3.0149155E+001 -1.2577683E-001
-3.0491650E+001  8.1612452E-002
-3.0834144E+001  1.6593171E-001
-3.1176639E+001 -2.1121596E-002
-3.1519133E+001 -5.5078873E-002
-3.1861627E+001  5.0006793E-002
-3.2204122E+001 -1.5161487E-002
-3.2546616E+001  4.4294328E-002
-3.2889111E+001  9.8374773E-002
-3.3231605E+001  1.1875948E-001
-3.3574099E+001 -2.8718176E-002
-3.3916594E+001  5.4389868E-002
-3.4259088E+001 -6.7651347E-002
-3.4601583E+001  1.0862618E-001
-3.4944077E+001 -1.8198484E-001
-3.5286571E+001 -5.8256426E-002
-3.5629066E+001 -2.2089692E-002
-3.5971560E+001 -2.1170257E-002
-3.6314055E+001  6.9452135E-002
-3.6656549E+001  3.0080192E-002
-3.6999043E+001 -1.6964834E-001
-3.7341538E+001 -1.4135712E-003
-3.7684032E+001 -1.0485637E-001
-3.8026527E+001 -2.7678091E-003
-3.8369021E+001  2.1746785E-002
-3.8711515E+001 -2.3294365E-003
-3.9054010E+001 -1.5879861E-001
-3.9396504E+001 -6.4011954E-002
-3.9738999E+001  8.0117742E-002
-4.0081493E+001  1.0874866E-001
-4.0423987E+001  1.8157944E-001
-4.0766482E+001 -1.0708400E-001
-4.1108976E+001  1.4141720E-001
-4.1451471E+001  6.8269191E-002
-4.1793965E+001  0.0000000E+000
-4.2136459E+001  0.0000000E+000
-4.2478954E+001  0.0000000E+000
-4.2821448E+001  0.0000000E+000
-4.3163943E+001  0.0000000E+000
-4.3506437E+001  0.0000000E+000
-4.3848931E+001  0.0000000E+000
-4.4191426E+001  0.0000000E+000
