-7.3943974E+000  2.9877459E-002
-7.7368918E+000 -1.7643640E-001
-8.0793862E+000  1.5779426E-001
-8.4218806E+000  1.6568329E-002
-8.7643750E+000  2.1762425E-002
-9.1068694E+000 -3.2098234E-002
-9.4493638E+000 -1.2098643E-001
-9.7918582E+000  1.0582380E-001
-1.0134352E+001 -3.4551378E-003
-1.0476847E+001  8.9714806E-002
-1.0819341E+001  1.6363113E-001
-1.1161835E+001 -1.0420161E-001
-1.1504330E+001  1.5643679E-001
-1.1846824E+001 -1.2730706E-001
-1.2189319E+001  3.9400927E-001
-1.2531813E+001 -8.8120967E-002
-1.2874307E+001 -2.3222376E-001
-1.3216802E+001 -1.2153639E-001
-1.3559296E+001  1.7116273E-001
-1.3901791E+001  3.4138246E-002
-1.4244285E+001  1.0888277E-001
-1.4586779E+001 -3.1421053E-001
-1.4929274E+001 -1.9774512E-002
-1.5271768E+001 -1.4252201E-002
-1.5614263E+001  3.0720246E-002
-1.5956757E+001 -1.2894715E-002
-1.6299251E+001  2.8448709E-001
-1.6641746E+001 -9.4615503E-002
-1.6984240E+001 -1.1727623E-002
-1.7326735E+001 -8.4972362E-003
-1.7669229E+001 -1.5760283E-001
-1.8011723E+001 -2.2228064E-001
-1.8354218E+001  4.2565353E-002
-1.8696712E+001  1.5343276E-001
-1.9039207E+001  3.9390333E-002
-1.9381701E+001 -1.8783022E-001
-1.9724195E+001  7.7029338E-002
-2.0066690E+001  2.1624485E-002
-2.0409184E+001  3.5166077E-002
-2.0751679E+001  1.2361401E-001
-2.1094173E+001 -3.7188371E-002
-2.1436667E+001 -1.0484236E-001
-2.1779162E+001 -1.2280133E-001
-2.2121656E+001  4.6449734E-001
-2.2464151E+001  3.0918652E-003
-2.2806645E+001 -1.2378425E-002
-2.3149139E+001  1.4446128E-001
-2.3491634E+001  1.0435390E-001
-2.3834128E+001  1.7015200E-001
-2.4176623E+001  2.9677795E-001
-2.4519117E+001  8.1496964E-002
-2.4861611E+001  2.2454276E-001
-2.5204106E+001  1.5947882E-001
-2.5546600E+001 -5.2147878E-002
-2.5889095E+001  4.2196451E-001
-2.6231589E+001  9.5466017E-003
-2.6574083E+001  5.8061736E-002
-2.6916578E+001  3.3464395E-001
-2.7259072E+001  9.0185097E-002
-2.7601567E+001  3.3449863E-001
-2.7944061E+001  2.7221050E-001
-2.8286555E+001  4.7863021E-001
-2.8629050E+001  2.8451311E-001
-2.8971544E+001  5.4136526E-001
-2.9314039E+001  4.4908480E-001
-2.9656533E+001  4.4470068E-001
-2.9999027E+001  6.0580638E-001
-3.0341522E+001  8.1265534E-001
-3.0684016E+001  6.2430686E-001
-3.1026511E+001  5.7645374E-001
-3.1369005E+001  3.6285766E-001
-3.1711499E+001  5.1551607E-001
-3.2053994E+001  2.3977840E-001
-3.2396488E+001  3.8886446E-001
-3.2738983E+001  2.2845427E-001
-3.3081477E+001  1.5978927E-001
-3.3423971E+001  1.9933890E-001
-3.3766466E+001  2.6970891E-001
-3.4108960E+001  4.0638322E-002
-3.4451455E+001  3.1956746E-001
-3.4793949E+001  1.6139325E-002
-3.5136443E+001  2.3879775E-001
-3.5478938E+001  1.4483129E-001
-3.5821432E+001  1.1170808E-001
-3.6163927E+001  1.5611826E-001
-3.6506421E+001  9.1932726E-002
-3.6848915E+001  1.6143298E-001
-3.7191410E+001  6.2257239E-002
-3.7533904E+001  4.4167487E-002
-3.7876399E+001  1.1101139E-001
-3.8218893E+001 -1.5805007E-001
-3.8561387E+001  1.7988785E-001
-3.8903882E+001  1.2119974E-001
-3.9246376E+001  2.8717787E-001
-3.9588871E+001  1.5024700E-001
-3.9931365E+001  1.7131310E-001
-4.0273859E+001 -1.3853404E-001
-4.0616354E+001  6.3248980E-003
-4.0958848E+001 -5.5204616E-002
-4.1301343E+001  2.1034142E-003
-4.1643837E+001  1.8158935E-001
-4.1986331E+001  1.8613439E-001
-4.2328826E+001  2.6595261E-001
-4.2671320E+001  5.8455700E-002
-4.3013815E+001  1.3564649E-001
-4.3356309E+001  1.1105547E-001
-4.3698803E+001  2.6476181E-001
-4.4041298E+001  3.4300660E-001
-4.4383792E+001  1.9202143E-001
-4.4726287E+001  5.4341430E-002
-4.5068781E+001  2.0448402E-001
-4.5411275E+001  2.1207582E-001
-4.5753770E+001  1.4225291E-001
-4.6096264E+001 -3.0323730E-002
-4.6438759E+001 -9.7080404E-002
-4.6781253E+001 -2.6303349E-001
-4.7123747E+001  8.5158402E-002
-4.7466242E+001 -1.5754482E-001
-4.7808736E+001  1.2369857E-001
-4.8151231E+001  2.4892792E-001
-4.8493725E+001  0.0000000E+000
-4.8836219E+001  0.0000000E+000
-4.9178714E+001  0.0000000E+000
-4.9521208E+001  0.0000000E+000
-4.9863703E+001  0.0000000E+000
-5.0206197E+001  0.0000000E+000
-5.0548691E+001  0.0000000E+000
-5.0891186E+001  0.0000000E+000
