-2.3946774E+000  6.9525042E-002
-2.7371718E+000  8.2007149E-002
-3.0796662E+000 -1.8536829E-002
-3.4221606E+000  7.4520096E-002
-3.7646550E+000  4.9720021E-002
-4.1071494E+000 -7.9900027E-002
-4.4496438E+000 -1.3474863E-001
-4.7921382E+000 -1.6392211E-002
-5.1346326E+000  1.2407746E-002
-5.4771270E+000  6.2154169E-003
-5.8196214E+000 -2.1401518E-002
-6.1621158E+000 -1.4419875E-002
-6.5046102E+000  6.6997916E-002
-6.8471046E+000  7.8101784E-002
-7.1895990E+000 -3.1119877E-003
-7.5320934E+000  1.1182047E-001
-7.8745878E+000  7.8142293E-002
-8.2170822E+000 -8.1065454E-002
-8.5595766E+000  9.3651849E-002
-8.9020710E+000  5.2996699E-002
-9.2445654E+000  7.8568181E-002
-9.5870598E+000  2.8679862E-002
-9.9295542E+000 -6.9616422E-002
-1.0272048E+001  1.4400925E-002
-1.0614543E+001 -1.0053759E-001
-1.0957037E+001  7.3549234E-002
-1.1299531E+001  9.5816885E-002
-1.1642026E+001 -5.1437586E-002
-1.1984520E+001  9.8250005E-002
-1.2327015E+001  2.7892750E-002
-1.2669509E+001 -1.1305694E-002
-1.3012003E+001  4.3781000E-002
-1.3354498E+001 -1.7396880E-001
-1.3696992E+001  1.4086638E-003
-1.4039487E+001 -8.0605112E-002
-1.4381981E+001 -6.1549044E-002
-1.4724475E+001 -5.2945775E-002
-1.5066970E+001 -6.6181547E-002
-1.5409464E+001 -3.9388571E-002
-1.5751959E+001  2.0140856E-002
-1.6094453E+001  1.1370639E-001
-1.6436947E+001 -8.7618152E-002
-1.6779442E+001  4.4304387E-002
-1.7121936E+001 -3.1912332E-002
-1.7464431E+001  1.1752426E-001
-1.7806925E+001  1.9923542E-001
-1.8149419E+001  1.5776070E-001
-1.8491914E+001  1.7466555E-001
-1.8834408E+001  2.1115583E-001
-1.9176903E+001  3.6203190E-001
-1.9519397E+001  1.6563753E-001
-1.9861891E+001  1.6560205E-001
-2.0204386E+001  1.0244700E-002
-2.0546880E+001  8.3120369E-002
-2.0889375E+001  2.6557945E-002
-2.1231869E+001  7.2256942E-002
-2.1574363E+001  2.5714700E-002
-2.1916858E+001  8.8290697E-003
-2.2259352E+001 -2.4994093E-002
-2.2601847E+001  6.4983034E-002
-2.2944341E+001 -6.4676238E-003
-2.3286835E+001  8.1753579E-002
-2.3629330E+001  5.9702053E-002
-2.3971824E+001 -2.8478967E-002
-2.4314319E+001  3.3489748E-002
-2.4656813E+001  1.8180557E-002
-2.4999307E+001 -1.2690581E-001
-2.5341802E+001 -3.9928518E-002
-2.5684296E+001  7.0371699E-002
-2.6026791E+001 -7.7877293E-003
-2.6369285E+001  8.0456116E-002
-2.6711779E+001 -1.1276088E-001
-2.7054274E+001 -1.0821655E-001
-2.7396768E+001 -5.8384926E-002
-2.7739263E+001  2.4453261E-002
-2.8081757E+001 -8.1108235E-002
-2.8424251E+001  8.5527714E-002
-2.8766746E+001  3.4693534E-002
-2.9109240E+001 -4.0948641E-002
-2.9451735E+001  6.3279265E-002
-2.9794229E+001 -6.0681399E-002
-3.0136723E+001  3.5164334E-003
-3.0479218E+001  6.5988653E-002
-3.0821712E+001  1.4314145E-002
-3.1164207E+001  7.0903796E-002
-3.1506701E+001 -6.8378139E-002
-3.1849195E+001 -4.1951935E-003
-3.2191690E+001  1.9165244E-002
-3.2534184E+001 -8.5248077E-002
-3.2876679E+001  2.1940775E-002
-3.3219173E+001 -3.1478176E-003
-3.3561667E+001  8.4726138E-002
-3.3904162E+001 -2.2938498E-002
-3.4246656E+001 -1.0825078E-001
-3.4589151E+001 -5.5717290E-002
-3.4931645E+001  9.3361395E-003
-3.5274139E+001 -1.0048049E-001
-3.5616634E+001  9.4542867E-002
-3.5959128E+001 -1.9029391E-001
-3.6301623E+001 -3.8048409E-002
-3.6644117E+001 -6.2683771E-002
-3.6986611E+001  3.1114368E-002
-3.7329106E+001 -1.5688379E-002
-3.7671600E+001  1.8948007E-002
-3.8014095E+001  4.0922709E-002
-3.8356589E+001  5.1644997E-002
-3.8699083E+001 -1.4365646E-001
-3.9041578E+001  5.2179609E-001
-3.9384072E+001 -6.9315526E-002
-3.9726567E+001 -2.1667690E-001
-4.0069061E+001 -1.5579025E-001
-4.0411555E+001  3.2705945E-002
-4.0754050E+001 -4.8942302E-002
-4.1096544E+001 -3.1307656E-002
-4.1439039E+001 -2.5916858E-002
-4.1781533E+001 -1.8694461E-002
-4.2124027E+001 -8.8885370E-003
-4.2466522E+001  1.5423242E-001
-4.2809016E+001  2.4571717E-002
-4.3151511E+001 -4.0545167E-002
-4.3494005E+001 -3.9618167E-002
-4.3836499E+001  7.9296740E-002
-4.4178994E+001  2.5700588E-002
-4.4521488E+001 -2.8931201E-002
-4.4863983E+001  8.9796356E-002
-4.5206477E+001  1.3951263E-001
-4.5548971E+001  7.7021467E-002
-4.5891466E+001  4.1771192E-001
