-2.5862014E+001  4.1890169E-001
-2.5670650E+001  3.3842489E-001
-2.5479286E+001 -3.3655213E-001
-2.5287923E+001  5.6542282E-001
-2.5096559E+001 -3.0964557E-002
-2.4905195E+001 -9.8397049E-002
-2.4713831E+001  3.0964593E-001
-2.4522468E+001 -7.1974721E-002
-2.4331104E+001 -1.9998228E-001
-2.4139740E+001  4.8387775E-001
-2.3948377E+001  4.3761354E-001
-2.3757013E+001 -1.7387711E-001
-2.3565649E+001 -2.3410320E-001
-2.3374286E+001 -4.2718353E-001
-2.3182922E+001 -4.3195578E-001
-2.2991558E+001  4.8983775E-001
-2.2800195E+001  9.5379210E-002
-2.2608831E+001  2.2774671E-001
-2.2417467E+001  4.5481778E-002
-2.2226103E+001  3.8100098E-001
-2.2034740E+001  4.8499249E-001
-2.1843376E+001  7.4980158E-002
-2.1652012E+001 -1.1948887E-001
-2.1460649E+001  1.8778756E-001
-2.1269285E+001 -3.5332056E-002
-2.1077921E+001  3.8034834E-001
-2.0886558E+001  2.7150545E-001
-2.0695194E+001  2.5755634E-001
-2.0503830E+001  1.1201076E+000
-2.0312466E+001 -1.5452372E-002
-2.0121103E+001  3.4492123E-002
-1.9929739E+001  2.9612511E-001
-1.9738375E+001  8.3895707E-001
-1.9547012E+001  1.7353181E-001
-1.9355648E+001  5.0751912E-001
-1.9164284E+001  3.1134727E-002
-1.8972921E+001  9.0870292E-001
-1.8781557E+001  6.6836671E-001
-1.8590193E+001  9.5310629E-001
-1.8398830E+001  1.0527392E+000
-1.8207466E+001  1.1555751E+000
-1.8016102E+001  7.1395691E-001
-1.7824738E+001  1.5234226E+000
-1.7633375E+001  1.8479203E+000
-1.7442011E+001  1.7851731E+000
-1.7250647E+001  1.8460818E+000
-1.7059284E+001  1.5692650E+000
-1.6867920E+001  1.6878615E+000
-1.6676556E+001  4.9635993E-001
-1.6485193E+001  1.7724535E+000
-1.6293829E+001  6.5145829E-001
-1.6102465E+001  6.8375206E-001
-1.5911102E+001  3.0346884E-001
-1.5719738E+001  1.0243766E+000
-1.5528374E+001  2.7789298E-001
-1.5337010E+001  1.8657526E-001
-1.5145647E+001  4.7163153E-001
-1.4954283E+001  2.7833423E-001
-1.4762919E+001  8.9103021E-001
-1.4571556E+001  1.5685347E-001
-1.4380192E+001  2.5172435E-001
-1.4188828E+001  2.6981949E-001
-1.3997465E+001  4.7567911E-001
-1.3806101E+001  5.8638399E-001
-1.3614737E+001  2.2275421E-001
-1.3423373E+001  1.1860317E-001
-1.3232010E+001  7.5810671E-001
-1.3040646E+001  5.9240812E-002
-1.2849282E+001  2.2357775E-001
-1.2657919E+001 -7.9336894E-002
-1.2466555E+001  4.3956242E-001
-1.2275191E+001 -1.5196440E-001
-1.2083828E+001  4.5369292E-001
-1.1892464E+001  3.5320644E-001
-1.1701100E+001  3.4081728E-001
-1.1509737E+001  6.1671581E-001
-1.1318373E+001 -6.5263119E-002
-1.1127009E+001  5.0872434E-001
-1.0935645E+001  2.1171258E-001
-1.0744282E+001  5.3741347E-001
-1.0552918E+001  8.3567808E-002
-1.0361554E+001  1.5171389E-001
-1.0170191E+001  4.0249445E-001
-9.9788275E+000  2.6091434E-001
-9.7874638E+000 -1.3002564E-001
-9.5961001E+000 -1.7835612E-001
-9.4047364E+000  2.3004549E-001
-9.2133727E+000  3.4380226E-001
-9.0220090E+000 -4.5575348E-001
-8.8306453E+000  1.6269830E-001
-8.6392816E+000  3.7828739E-001
-8.4479179E+000  3.7247590E-001
-8.2565542E+000  2.1268467E-002
-8.0651905E+000  1.0907786E-001
-7.8738268E+000  4.1606098E-001
-7.6824631E+000  7.7593871E-002
-7.4910994E+000 -1.3029717E-001
-7.2997357E+000  6.9526150E-002
-7.1083720E+000  3.0210477E-001
-6.9170083E+000  4.8762376E-001
-6.7256446E+000 -1.9961560E-001
-6.5342810E+000  9.7888566E-001
-6.3429173E+000 -4.1423200E-002
-6.1515536E+000  3.2784178E-001
-5.9601899E+000 -4.0029083E-001
-5.7688262E+000  2.3132377E-001
-5.5774625E+000 -8.2818935E-002
-5.3860988E+000  1.5205241E-001
-5.1947351E+000  3.9938095E-001
-5.0033714E+000 -1.3046447E-001
-4.8120077E+000  5.2628070E-002
-4.6206440E+000 -2.3152221E-001
-4.4292803E+000 -3.5902724E-001
-4.2379166E+000  6.4157802E-001
-4.0465529E+000 -2.8348940E-001
-3.8551892E+000  1.0629561E+000
-3.6638255E+000 -2.8540719E-001
-3.4724618E+000 -1.1446134E-001
-3.2810982E+000  6.1438840E-001
-3.0897345E+000  6.5563614E-001
-2.8983708E+000  4.0930965E-001
-2.7070071E+000 -2.6786285E-001
-2.5156434E+000  2.3257119E-001
-2.3242797E+000  2.9436143E-001
-2.1329160E+000  2.1811998E-001
-1.9415523E+000 -1.7800895E-002
-1.7501886E+000  6.7306509E-001
-1.5588249E+000 -2.0805872E-002
