-3.1907431E+000  1.1241563E+000
-2.9993794E+000  3.5352737E-001
-2.8080157E+000  3.1338122E-003
-2.6166520E+000  3.5848536E-001
-2.4252883E+000  9.4763818E-002
-2.2339246E+000  1.6592495E-001
-2.0425609E+000  5.5578898E-002
-1.8511972E+000  4.4189718E-001
-1.6598335E+000  2.6421764E-001
-1.4684698E+000 -7.9075871E-002
-1.2771061E+000 -4.8654725E-001
-1.0857424E+000  3.6216874E-001
-8.9437879E-001 -2.8364229E-001
-7.0301509E-001  1.1491497E-001
-5.1165140E-001  2.2460202E-002
-3.2028770E-001 -2.5244580E-001
-1.2892401E-001 -3.5880765E-001
 6.2439680E-002 -8.4033880E-002
 2.5380337E-001  3.4734068E-001
 4.4516706E-001  3.7222035E-001
 6.3653076E-001  2.2051455E-001
 8.2789445E-001  1.0786204E-001
 1.0192581E+000  8.7604389E-001
 1.2106218E+000  8.0049437E-001
 1.4019855E+000  5.5917744E-001
 1.5933492E+000  1.0379494E+000
 1.7847129E+000  9.5746158E-001
 1.9760766E+000  1.3584446E+000
 2.1674403E+000  1.3888246E+000
 2.3588040E+000  1.4713627E+000
 2.5501677E+000  1.3629121E+000
 2.7415313E+000  1.7314193E+000
 2.9328950E+000  1.5020672E+000
 3.1242587E+000  1.5132482E+000
 3.3156224E+000  1.1968099E+000
 3.5069861E+000  9.9445146E-001
 3.6983498E+000  1.3028193E+000
 3.8897135E+000  8.2499743E-001
 4.0810772E+000  9.3541533E-001
 4.2724409E+000  4.9083677E-001
 4.4638046E+000  2.8595913E-001
 4.6551683E+000  1.9211591E-001
 4.8465320E+000  3.9264032E-001
 5.0378957E+000  3.4890920E-001
 5.2292594E+000  5.9071515E-002
 5.4206231E+000  1.9448436E-001
 5.6119868E+000  1.8345466E-001
 5.8033505E+000  8.9190702E-002
 5.9947142E+000  9.9378839E-002
 6.1860778E+000  3.0706309E-001
 6.3774415E+000  2.4814677E-002
 6.5688052E+000 -2.2541148E-001
 6.7601689E+000 -1.8042699E-001
 6.9515326E+000  3.8598828E-002
 7.1428963E+000 -6.1535045E-002
 7.3342600E+000 -1.2617958E-001
 7.5256237E+000  5.8155842E-002
 7.7169874E+000 -3.6117151E-002
 7.9083511E+000 -3.4213524E-002
 8.0997148E+000  8.0184872E-002
 8.2910785E+000  2.5268065E-001
 8.4824422E+000  1.0784883E-003
 8.6738059E+000 -4.5457390E-002
 8.8651696E+000  3.0868967E-003
 9.0565333E+000 -1.1384013E-001
 9.2478970E+000 -1.6487316E-002
 9.4392606E+000  3.1967068E-001
 9.6306243E+000  1.2849812E-002
 9.8219880E+000  1.4099904E-001
 1.0013351E+001 -2.8252998E-001
 1.0204715E+001  2.2747379E-001
 1.0396079E+001 -3.3413427E-002
 1.0587442E+001 -2.1680331E-001
 1.0778806E+001  1.4104920E-001
 1.0970170E+001  2.9245285E-002
 1.1161533E+001 -5.3050910E-002
 1.1352897E+001 -1.9036985E-001
 1.1544261E+001  2.6865619E-001
 1.1735625E+001  7.0289736E-002
 1.1926988E+001 -7.7048339E-002
 1.2118352E+001  2.2494406E-001
 1.2309716E+001  6.5279963E-002
 1.2501079E+001 -2.7019349E-001
 1.2692443E+001  1.0960590E-001
 1.2883807E+001 -7.4924860E-002
 1.3075170E+001 -7.5300111E-002
 1.3266534E+001 -1.4835862E-001
 1.3457898E+001 -1.9450072E-001
 1.3649261E+001  1.9439206E-001
 1.3840625E+001 -1.1550830E-001
 1.4031989E+001 -2.8031168E-001
 1.4223353E+001 -1.0019550E-001
 1.4414716E+001 -2.5613595E-001
 1.4606080E+001 -1.5195455E-001
 1.4797444E+001 -1.1617458E-001
 1.4988807E+001 -1.6792952E-001
 1.5180171E+001 -1.9941990E-001
 1.5371535E+001 -3.6537610E-001
 1.5562898E+001 -3.3166783E-001
 1.5754262E+001 -2.4723215E-002
 1.5945626E+001  1.4667947E-001
 1.6136989E+001 -3.7928180E-002
 1.6328353E+001 -3.1196296E-001
 1.6519717E+001 -1.1008376E-001
 1.6711081E+001 -2.3498925E-001
 1.6902444E+001  1.2246670E-001
 1.7093808E+001 -3.3975781E-003
 1.7285172E+001 -1.2505933E-001
 1.7476535E+001  4.0635916E-001
 1.7667899E+001  2.6902051E-002
 1.7859263E+001 -2.4947480E-001
 1.8050626E+001 -1.0119138E-001
 1.8241990E+001  1.7233824E-001
 1.8433354E+001 -1.2795351E-001
 1.8624718E+001  4.6346293E-002
 1.8816081E+001 -1.1901844E-001
 1.9007445E+001  8.4350891E-002
 1.9198809E+001 -9.6046429E-002
 1.9390172E+001  1.8148642E-002
 1.9581536E+001  2.0305470E-001
 1.9772900E+001 -1.2902838E-001
 1.9964263E+001  4.1483235E-001
 2.0155627E+001  1.9330482E-001
 2.0346991E+001 -9.5170674E-002
 2.0538354E+001 -1.1723879E-001
 2.0729718E+001  3.0130414E-001
 2.0921082E+001 -1.2215997E-001
 2.1112446E+001  4.4546519E-002
