 2.6805646E+001  3.3913524E-002
 2.6463152E+001  2.3063551E-003
 2.6120657E+001  5.1234439E-003
 2.5778163E+001  2.7833906E-002
 2.5435669E+001 -8.3655124E-002
 2.5093174E+001  2.1893210E-001
 2.4750680E+001  1.6148146E-002
 2.4408185E+001  6.9009634E-002
 2.4065691E+001  5.7833005E-002
 2.3723197E+001 -2.5753422E-001
 2.3380702E+001 -3.2733014E-002
 2.3038208E+001 -2.1266267E-001
 2.2695713E+001  1.1901587E-001
 2.2353219E+001 -9.4173759E-002
 2.2010725E+001  2.3647875E-001
 2.1668230E+001 -9.9986029E-002
 2.1325736E+001 -1.4278401E-001
 2.0983241E+001  7.1413752E-002
 2.0640747E+001  6.4671170E-002
 2.0298253E+001  7.8975006E-002
 1.9955758E+001 -1.6635635E-001
 1.9613264E+001 -1.3453530E-001
 1.9270769E+001 -8.2034214E-002
 1.8928275E+001 -8.3525884E-002
 1.8585781E+001 -5.8707497E-002
 1.8243286E+001  2.4912161E-002
 1.7900792E+001  6.2588110E-002
 1.7558297E+001  7.0378651E-003
 1.7215803E+001  6.8131299E-002
 1.6873309E+001  2.6567101E-002
 1.6530814E+001 -9.4486762E-002
 1.6188320E+001 -8.8866780E-002
 1.5845825E+001  1.1708730E-001
 1.5503331E+001  1.0746709E-001
 1.5160837E+001 -1.1032112E-001
 1.4818342E+001  9.8958078E-002
 1.4475848E+001 -1.2585045E-002
 1.4133353E+001 -8.6630945E-002
 1.3790859E+001 -2.8626903E-002
 1.3448365E+001 -1.4753468E-001
 1.3105870E+001 -2.3684442E-001
 1.2763376E+001  3.2218982E-002
 1.2420881E+001 -2.0256825E-001
 1.2078387E+001  2.4836055E-001
 1.1735893E+001 -5.0215892E-003
 1.1393398E+001 -6.0838595E-002
 1.1050904E+001  2.2566705E-002
 1.0708409E+001 -3.5355016E-003
 1.0365915E+001 -1.5941996E-001
 1.0023421E+001 -1.7875279E-002
 9.6809266E+000  6.9393317E-002
 9.3384322E+000  1.8648402E-001
 8.9959378E+000  1.6275329E-001
 8.6534434E+000  1.2731759E-001
 8.3109490E+000  8.6522017E-002
 7.9684546E+000  1.7482222E-001
 7.6259602E+000  3.5023949E-001
 7.2834658E+000  1.6972699E-001
 6.9409714E+000  1.7471125E-001
 6.5984770E+000  4.6076061E-001
 6.2559826E+000  3.2110410E-001
 5.9134882E+000  1.4206116E-001
 5.5709938E+000  2.9683178E-001
 5.2284994E+000  3.1858265E-002
 4.8860050E+000  3.7346353E-001
 4.5435106E+000  1.2149390E-002
 4.2010162E+000 -5.2317481E-002
 3.8585218E+000 -1.6113259E-002
 3.5160274E+000  2.1598768E-002
 3.1735330E+000 -1.0839349E-001
 2.8310386E+000 -4.5972279E-002
 2.4885442E+000  7.3588755E-002
 2.1460498E+000 -1.7535836E-003
 1.8035554E+000  8.0223772E-002
 1.4610610E+000  1.4840104E-001
 1.1185666E+000  3.3979650E-002
 7.7607220E-001  2.1189716E-001
 4.3357780E-001 -6.9781550E-002
 9.1083400E-002  1.5057000E-002
-2.5141099E-001  9.0496927E-002
-5.9390539E-001  2.4019882E-002
-9.3639979E-001  1.2229949E-001
-1.2788942E+000 -4.5040276E-002
-1.6213886E+000 -2.6569165E-002
-1.9638830E+000 -6.1378699E-002
-2.3063774E+000  6.0847477E-002
-2.6488718E+000  2.9281630E-002
-2.9913662E+000  2.2426437E-001
-3.3338606E+000 -1.4340088E-001
-3.6763550E+000 -7.0427987E-002
-4.0188494E+000  1.5625846E-002
-4.3613438E+000  1.5127659E-001
-4.7038382E+000  3.9812255E-002
-5.0463326E+000  1.6642430E-001
-5.3888270E+000  1.0549755E-002
-5.7313214E+000  9.0859718E-003
-6.0738158E+000  1.5665338E-001
-6.4163102E+000 -4.8165440E-002
-6.7588046E+000  1.3145174E-001
-7.1012990E+000 -9.1997731E-002
-7.4437934E+000 -3.0753305E-002
-7.7862878E+000 -4.1528944E-002
-8.1287822E+000  1.1261177E-002
-8.4712766E+000 -3.0070794E-002
-8.8137710E+000 -1.2256182E-002
-9.1562654E+000  4.7268840E-002
-9.4987598E+000  2.7133982E-002
-9.8412542E+000  2.8789768E-002
-1.0183748E+001  1.5031220E-001
-1.0526243E+001  8.3548230E-002
-1.0868737E+001 -6.2148078E-002
-1.1211231E+001  6.3492489E-002
-1.1553726E+001 -7.0402520E-002
-1.1896220E+001  5.2577164E-004
-1.2238715E+001  7.3892794E-002
-1.2581209E+001 -1.0221578E-001
-1.2923703E+001  9.3316988E-002
-1.3266198E+001  1.6273566E-001
-1.3608692E+001  7.5267517E-002
-1.3951187E+001  1.1884333E-001
-1.4293681E+001  0.0000000E+000
-1.4636175E+001  0.0000000E+000
-1.4978670E+001  0.0000000E+000
-1.5321164E+001  0.0000000E+000
-1.5663659E+001  0.0000000E+000
-1.6006153E+001  0.0000000E+000
-1.6348647E+001  0.0000000E+000
-1.6691142E+001  0.0000000E+000
