 5.4005622E+001 -1.3315197E-002
 5.3663128E+001 -3.4552657E-002
 5.3320633E+001 -2.3829058E-002
 5.2978139E+001 -7.2529821E-002
 5.2635645E+001  4.1883260E-002
 5.2293150E+001  5.4324933E-002
 5.1950656E+001  4.6849348E-003
 5.1608161E+001  1.4735716E-002
 5.1265667E+001 -1.4164151E-001
 5.0923173E+001 -7.3721953E-002
 5.0580678E+001 -3.7033758E-003
 5.0238184E+001 -2.0213574E-002
 4.9895689E+001  1.3231387E-001
 4.9553195E+001 -3.2271984E-002
 4.9210701E+001  2.2185440E-001
 4.8868206E+001  7.6480511E-002
 4.8525712E+001  6.6346625E-002
 4.8183217E+001 -1.1135516E-001
 4.7840723E+001 -9.3328720E-002
 4.7498229E+001 -1.4097325E-001
 4.7155734E+001 -5.9560241E-002
 4.6813240E+001  6.2786232E-002
 4.6470745E+001 -4.9280004E-003
 4.6128251E+001 -8.7386767E-002
 4.5785757E+001 -8.8610665E-002
 4.5443262E+001  1.3548091E-001
 4.5100768E+001  5.2125795E-002
 4.4758273E+001 -9.4077676E-002
 4.4415779E+001  4.2090751E-002
 4.4073285E+001 -2.2233544E-001
 4.3730790E+001  1.4349019E-001
 4.3388296E+001  5.8776259E-003
 4.3045801E+001  3.5496858E-002
 4.2703307E+001  1.2439046E-001
 4.2360813E+001  1.5800438E-001
 4.2018318E+001 -3.2083206E-002
 4.1675824E+001  1.4160241E-001
 4.1333329E+001  1.1460423E-001
 4.0990835E+001  1.7345462E-001
 4.0648341E+001  2.6772055E-001
 4.0305846E+001  4.6939887E-001
 3.9963352E+001  3.0372995E-001
 3.9620857E+001  3.8899818E-001
 3.9278363E+001  4.5538578E-001
 3.8935869E+001  2.2437072E-001
 3.8593374E+001  3.4137267E-001
 3.8250880E+001  1.8084994E-001
 3.7908385E+001  2.3974465E-001
 3.7565891E+001  2.0977916E-001
 3.7223397E+001 -4.3972284E-002
 3.6880902E+001  8.5568613E-002
 3.6538408E+001  9.6257320E-002
 3.6195913E+001 -1.3188900E-001
 3.5853419E+001  5.8979947E-002
 3.5510925E+001  2.3785578E-001
 3.5168430E+001  1.8699502E-001
 3.4825936E+001  1.4222129E-001
 3.4483441E+001 -1.1123145E-002
 3.4140947E+001 -9.5228380E-002
 3.3798453E+001 -7.1746229E-002
 3.3455958E+001  5.4922693E-002
 3.3113464E+001  7.9290961E-002
 3.2770969E+001  6.1808149E-002
 3.2428475E+001  5.8514533E-002
 3.2085981E+001 -8.9497534E-002
 3.1743486E+001  1.2684442E-001
 3.1400992E+001  1.2270924E-001
 3.1058497E+001 -1.2247067E-001
 3.0716003E+001  6.0045439E-002
 3.0373509E+001  1.2033302E-002
 3.0031014E+001 -9.2369734E-002
 2.9688520E+001  2.4134807E-001
 2.9346025E+001 -1.9068766E-001
 2.9003531E+001  7.0504987E-002
 2.8661037E+001  1.1496081E-001
 2.8318542E+001  1.1595103E-001
 2.7976048E+001 -1.2862988E-001
 2.7633553E+001 -6.2222762E-002
 2.7291059E+001  6.2912461E-003
 2.6948565E+001  4.5694392E-002
 2.6606070E+001 -3.0812826E-003
 2.6263576E+001 -1.2420308E-001
 2.5921081E+001 -2.9068259E-002
 2.5578587E+001 -4.6581030E-002
 2.5236093E+001  5.5583866E-002
 2.4893598E+001  2.2864153E-002
 2.4551104E+001 -2.0524728E-001
 2.4208609E+001 -4.0350799E-002
 2.3866115E+001  8.9422358E-002
 2.3523621E+001  3.0007360E-002
 2.3181126E+001  3.1668237E-002
 2.2838632E+001  9.0594544E-002
 2.2496137E+001 -4.3857385E-003
 2.2153643E+001  3.5908669E-002
 2.1811149E+001 -6.5649172E-003
 2.1468654E+001 -7.3139126E-002
 2.1126160E+001  1.3749458E-002
 2.0783665E+001  1.0785996E-001
 2.0441171E+001 -7.5021322E-002
 2.0098677E+001  6.5699517E-002
 1.9756182E+001 -1.1964456E-001
 1.9413688E+001 -7.5846989E-002
 1.9071193E+001 -6.8104810E-002
 1.8728699E+001  5.4874089E-002
 1.8386205E+001 -1.6130964E-002
 1.8043710E+001 -4.7620910E-003
 1.7701216E+001  8.4287681E-002
 1.7358721E+001  4.3242322E-002
 1.7016227E+001  1.1002526E-001
 1.6673733E+001  1.7650296E-001
 1.6331238E+001 -6.3250246E-002
 1.5988744E+001 -1.4323491E-001
 1.5646249E+001  6.7794493E-002
 1.5303755E+001 -4.8729109E-002
 1.4961261E+001 -5.2966832E-002
 1.4618766E+001  8.8825195E-002
 1.4276272E+001  1.4365095E-001
 1.3933777E+001 -9.9368503E-002
 1.3591283E+001 -5.2145283E-002
 1.3248789E+001 -1.0296598E-001
 1.2906294E+001 -1.0118712E-001
 1.2563800E+001 -1.0669580E-001
 1.2221305E+001  7.2030608E-003
 1.1878811E+001 -2.5151316E-002
 1.1536317E+001 -2.1102380E-001
 1.1193822E+001 -1.8407990E-001
 1.0851328E+001 -8.0458704E-002
 1.0508833E+001  1.4947425E-001
