 7.9505672E+001 -1.1618170E-001
 7.9163178E+001 -2.7881532E-003
 7.8820683E+001  9.3062579E-003
 7.8478189E+001 -2.6531448E-002
 7.8135695E+001  2.5816512E-001
 7.7793200E+001 -3.7338730E-001
 7.7450706E+001 -4.3587788E-003
 7.7108211E+001 -2.3611483E-001
 7.6765717E+001 -1.4816668E-001
 7.6423223E+001  2.4832812E-001
 7.6080728E+001  8.5193867E-002
 7.5738234E+001  1.0612493E-001
 7.5395739E+001 -3.3960453E-001
 7.5053245E+001  3.5451753E-001
 7.4710751E+001  1.3756683E-001
 7.4368256E+001 -2.0606589E-001
 7.4025762E+001  3.3428181E-002
 7.3683267E+001 -1.1502724E-001
 7.3340773E+001  4.6062638E-001
 7.2998279E+001  2.0758180E-001
 7.2655784E+001 -1.3077728E-001
 7.2313290E+001  4.1846260E-001
 7.1970795E+001 -2.5293751E-002
 7.1628301E+001  1.8926592E-002
 7.1285807E+001 -2.3570241E-001
 7.0943312E+001  1.0830278E-001
 7.0600818E+001 -4.5352495E-001
 7.0258323E+001  1.7833118E-001
 6.9915829E+001 -9.6980717E-002
 6.9573335E+001 -8.7258334E-002
 6.9230840E+001  2.3954040E-001
 6.8888346E+001 -3.0217436E-001
 6.8545851E+001 -8.8573397E-002
 6.8203357E+001 -1.7381342E-001
 6.7860863E+001 -7.1945214E-002
 6.7518368E+001  1.2924085E-002
 6.7175874E+001  3.3544407E-001
 6.6833379E+001 -1.2063630E-001
 6.6490885E+001  1.7129766E-002
 6.6148391E+001  2.9598047E-001
 6.5805896E+001  2.1025826E-001
 6.5463402E+001  2.2636059E-002
 6.5120907E+001  3.4701741E-001
 6.4778413E+001 -1.5408879E-001
 6.4435919E+001  6.1844370E-001
 6.4093424E+001  2.6129934E-001
 6.3750930E+001  4.4892035E-001
 6.3408435E+001  1.9869159E-001
 6.3065941E+001  6.2007191E-002
 6.2723447E+001  1.2312053E-001
 6.2380952E+001  2.0944800E-001
 6.2038458E+001  3.7420714E-001
 6.1695963E+001  3.9160658E-001
 6.1353469E+001  2.5012094E-001
 6.1010975E+001  6.1674326E-001
 6.0668480E+001  2.9515349E-001
 6.0325986E+001  5.8307209E-001
 5.9983491E+001  5.8494222E-001
 5.9640997E+001  6.0786912E-001
 5.9298503E+001  2.5910924E-001
 5.8956008E+001  5.2688066E-001
 5.8613514E+001  2.1984475E-001
 5.8271019E+001  3.0167450E-001
 5.7928525E+001  7.8090547E-002
 5.7586031E+001  3.3280191E-001
 5.7243536E+001  9.1037116E-002
 5.6901042E+001  4.1956304E-001
 5.6558547E+001 -4.9316907E-002
 5.6216053E+001 -3.5509249E-002
 5.5873559E+001 -1.6141264E-001
 5.5531064E+001  1.4774063E-001
 5.5188570E+001 -9.2943246E-002
 5.4846075E+001  1.7732054E-001
 5.4503581E+001 -8.6257826E-002
 5.4161087E+001  1.7003279E-001
 5.3818592E+001  3.8805245E-001
 5.3476098E+001  1.6065161E-001
 5.3133603E+001  4.0421908E-001
 5.2791109E+001  9.6521470E-002
 5.2448615E+001  7.3320002E-002
 5.2106120E+001  2.5565393E-001
 5.1763626E+001  1.2981246E-001
 5.1421131E+001  4.2310637E-001
 5.1078637E+001 -2.5773833E-001
 5.0736143E+001  4.1636607E-001
 5.0393648E+001  2.0969765E-001
 5.0051154E+001  4.4216026E-001
 4.9708659E+001 -4.8125096E-002
 4.9366165E+001  6.4203118E-002
 4.9023671E+001 -1.7020979E-001
 4.8681176E+001 -7.8449598E-002
 4.8338682E+001 -3.4179348E-002
 4.7996187E+001 -2.4675454E-001
 4.7653693E+001 -1.9135320E-002
 4.7311199E+001  1.4741423E-001
 4.6968704E+001  2.1548266E-001
 4.6626210E+001  3.5871926E-001
 4.6283715E+001  1.9060482E-002
 4.5941221E+001  3.6239361E-002
 4.5598727E+001  2.9972826E-001
 4.5256232E+001 -5.4571936E-002
 4.4913738E+001  3.8584736E-002
 4.4571243E+001 -1.3085090E-001
 4.4228749E+001 -1.5992542E-001
 4.3886255E+001  8.8936750E-002
 4.3543760E+001  3.1661536E-001
 4.3201266E+001 -5.6130576E-002
 4.2858771E+001 -2.5443107E-002
 4.2516277E+001  6.8471380E-002
 4.2173783E+001  4.0508202E-001
 4.1831288E+001 -1.9146991E-001
 4.1488794E+001  2.9842304E-001
 4.1146299E+001 -3.3356886E-001
 4.0803805E+001  1.4290061E-001
 4.0461311E+001  1.4611034E-001
 4.0118816E+001 -2.0793112E-002
 3.9776322E+001 -1.3391883E-001
 3.9433827E+001 -1.5952169E-001
 3.9091333E+001  2.1658248E-001
 3.8748839E+001 -1.4146951E-001
 3.8406344E+001  5.0852256E-002
 3.8063850E+001 -1.7905616E-001
 3.7721355E+001  3.1966652E-001
 3.7378861E+001  4.2100187E-002
 3.7036367E+001  1.8011157E-001
 3.6693872E+001 -1.1047227E-001
 3.6351378E+001 -3.6270574E-002
 3.6008883E+001  2.4740040E-001
