 7.8905162E+001 -7.6625981E-002
 7.8562668E+001  3.3693783E-002
 7.8220173E+001 -1.2680271E-002
 7.7877679E+001  4.1392846E-002
 7.7535185E+001  5.2775029E-002
 7.7192690E+001  3.1963388E-002
 7.6850196E+001  5.9333379E-002
 7.6507701E+001 -9.0387474E-004
 7.6165207E+001 -5.2595622E-002
 7.5822713E+001 -1.3716235E-001
 7.5480218E+001  1.8312374E-002
 7.5137724E+001 -2.1727555E-002
 7.4795229E+001  7.4782748E-003
 7.4452735E+001 -9.4333414E-002
 7.4110241E+001 -7.6223568E-002
 7.3767746E+001  3.4307814E-002
 7.3425252E+001 -5.8866908E-002
 7.3082757E+001  6.1948141E-002
 7.2740263E+001  4.6794970E-002
 7.2397769E+001 -6.3951476E-002
 7.2055274E+001  7.5225210E-002
 7.1712780E+001  1.1058834E-001
 7.1370285E+001  5.7795226E-002
 7.1027791E+001 -3.6260667E-002
 7.0685297E+001 -1.3929762E-002
 7.0342802E+001 -6.6725192E-002
 7.0000308E+001  9.6048840E-002
 6.9657813E+001  1.4102034E-001
 6.9315319E+001 -4.9673647E-002
 6.8972825E+001  1.0097917E-001
 6.8630330E+001 -2.0002513E-002
 6.8287836E+001 -9.6211609E-003
 6.7945341E+001 -5.7564225E-002
 6.7602847E+001 -6.2677693E-002
 6.7260353E+001 -1.3943432E-002
 6.6917858E+001 -3.6758473E-002
 6.6575364E+001  6.2059024E-002
 6.6232869E+001  2.2342341E-001
 6.5890375E+001 -3.0211081E-002
 6.5547881E+001  1.8392124E-002
 6.5205386E+001  1.7151547E-001
 6.4862892E+001  5.4618426E-002
 6.4520397E+001  1.6561486E-001
 6.4177903E+001  1.5875396E-001
 6.3835409E+001  1.3659305E-001
 6.3492914E+001  1.9043270E-001
 6.3150420E+001  2.6989782E-001
 6.2807925E+001  2.9719063E-001
 6.2465431E+001  3.1502003E-001
 6.2122937E+001  3.1225290E-001
 6.1780442E+001  1.8086373E-001
 6.1437948E+001  3.7501179E-001
 6.1095453E+001  1.1941792E-001
 6.0752959E+001  2.2121971E-001
 6.0410465E+001  1.0990229E-001
 6.0067970E+001  8.4958457E-002
 5.9725476E+001  2.1368663E-001
 5.9382981E+001  8.2074796E-002
 5.9040487E+001  1.0514476E-001
 5.8697993E+001  1.6801952E-002
 5.8355498E+001  1.7546385E-001
 5.8013004E+001  1.2030054E-001
 5.7670509E+001  9.7576074E-002
 5.7328015E+001  1.0480065E-001
 5.6985521E+001  3.4725615E-002
 5.6643026E+001 -4.0396515E-002
 5.6300532E+001  8.0266335E-002
 5.5958037E+001  1.0072595E-001
 5.5615543E+001  1.3687407E-001
 5.5273049E+001  5.4933717E-002
 5.4930554E+001 -3.5837247E-002
 5.4588060E+001 -5.3412488E-003
 5.4245565E+001  2.3581024E-001
 5.3903071E+001 -1.5146659E-001
 5.3560577E+001 -6.8501724E-002
 5.3218082E+001 -5.5232007E-002
 5.2875588E+001 -3.4031223E-002
 5.2533093E+001 -3.7523302E-002
 5.2190599E+001  1.3365195E-001
 5.1848105E+001  4.2245068E-002
 5.1505610E+001  3.3604716E-003
 5.1163116E+001  9.6869663E-002
 5.0820621E+001  1.3235880E-001
 5.0478127E+001  1.1828766E-001
 5.0135633E+001  2.7545377E-003
 4.9793138E+001 -9.5702258E-002
 4.9450644E+001  1.3034332E-001
 4.9108149E+001  1.3360356E-001
 4.8765655E+001  3.7739153E-002
 4.8423161E+001 -1.2011379E-002
 4.8080666E+001 -8.5384308E-002
 4.7738172E+001  7.1711310E-002
 4.7395677E+001  6.4029260E-002
 4.7053183E+001  3.5449653E-002
 4.6710689E+001 -2.6863022E-003
 4.6368194E+001  1.0712207E-001
 4.6025700E+001  1.8475657E-003
 4.5683205E+001  7.7103780E-002
 4.5340711E+001  4.3254011E-003
 4.4998217E+001  1.9834155E-001
 4.4655722E+001 -1.0221145E-001
 4.4313228E+001  3.7320628E-002
 4.3970733E+001  8.3965943E-002
 4.3628239E+001 -8.3457803E-002
 4.3285745E+001  7.1075234E-002
 4.2943250E+001  1.7428920E-001
 4.2600756E+001 -6.3772717E-002
 4.2258261E+001  1.7098816E-001
 4.1915767E+001  9.8990066E-002
 4.1573273E+001 -7.8325716E-002
 4.1230778E+001 -7.6363210E-002
 4.0888284E+001 -5.3087158E-002
 4.0545789E+001  3.2549256E-002
 4.0203295E+001  1.5079086E-001
 3.9860801E+001  1.5157356E-001
 3.9518306E+001  2.3051701E-003
 3.9175812E+001  2.5938716E-002
 3.8833317E+001 -9.0695300E-003
 3.8490823E+001  1.0892949E-001
 3.8148329E+001  1.7234468E-001
 3.7805834E+001 -1.2234800E-002
 3.7463340E+001  5.3360492E-003
 3.7120845E+001  1.1820295E-001
 3.6778351E+001 -6.0651466E-003
 3.6435857E+001  3.8144007E-003
 3.6093362E+001 -1.6237260E-002
 3.5750868E+001 -4.1780121E-002
 3.5408373E+001 -1.4566735E-001
