 8.0705682E+001  7.8309124E-002
 8.0363188E+001  2.7999631E-002
 8.0020693E+001 -1.5586999E-002
 7.9678199E+001  3.6012413E-002
 7.9335705E+001  5.7176508E-002
 7.8993210E+001  1.1811929E-001
 7.8650716E+001  7.8634475E-002
 7.8308221E+001 -5.8906276E-002
 7.7965727E+001  2.1717132E-003
 7.7623233E+001  1.9147230E-002
 7.7280738E+001  8.7003946E-002
 7.6938244E+001 -1.1771068E-002
 7.6595749E+001  1.2330312E-001
 7.6253255E+001  3.5765450E-002
 7.5910761E+001  3.8225248E-002
 7.5568266E+001  9.3708511E-003
 7.5225772E+001  1.1047558E-001
 7.4883277E+001  1.0222710E-001
 7.4540783E+001 -8.3156108E-003
 7.4198289E+001  9.7570988E-002
 7.3855794E+001 -1.7149599E-002
 7.3513300E+001  8.3745437E-002
 7.3170805E+001  2.3339461E-001
 7.2828311E+001  1.4867810E-001
 7.2485817E+001  1.3433762E-001
 7.2143322E+001  2.5618616E-001
 7.1800828E+001  4.8502716E-002
 7.1458333E+001  8.6072990E-003
 7.1115839E+001  6.2375294E-002
 7.0773345E+001  1.7248385E-001
 7.0430850E+001  1.7908268E-001
 7.0088356E+001  3.2960740E-001
 6.9745861E+001  3.2100988E-001
 6.9403367E+001  2.0477881E-001
 6.9060873E+001  1.6013593E-001
 6.8718378E+001  2.6510236E-001
 6.8375884E+001  2.3690526E-001
 6.8033389E+001  1.4835274E-001
 6.7690895E+001  3.8158829E-001
 6.7348401E+001  5.2578223E-001
 6.7005906E+001  2.5182164E-001
 6.6663412E+001  2.9009811E-001
 6.6320917E+001  4.0325469E-001
 6.5978423E+001  3.9427878E-001
 6.5635929E+001  3.2918087E-001
 6.5293434E+001  5.8786096E-001
 6.4950940E+001  4.7718889E-001
 6.4608445E+001  5.2215956E-001
 6.4265951E+001  6.1316979E-001
 6.3923457E+001  6.8669219E-001
 6.3580962E+001  7.5162802E-001
 6.3238468E+001  7.7318838E-001
 6.2895973E+001  8.5636380E-001
 6.2553479E+001  8.2668437E-001
 6.2210985E+001  9.0258008E-001
 6.1868490E+001  9.1675213E-001
 6.1525996E+001  9.6999026E-001
 6.1183501E+001  9.5925346E-001
 6.0841007E+001  1.1234846E+000
 6.0498513E+001  8.5688424E-001
 6.0156018E+001  9.1413139E-001
 5.9813524E+001  8.7073442E-001
 5.9471029E+001  8.9368747E-001
 5.9128535E+001  7.1814739E-001
 5.8786041E+001  8.4953091E-001
 5.8443546E+001  7.9396773E-001
 5.8101052E+001  5.1322996E-001
 5.7758557E+001  6.2779272E-001
 5.7416063E+001  5.3082974E-001
 5.7073569E+001  6.2939589E-001
 5.6731074E+001  5.8573139E-001
 5.6388580E+001  4.4755817E-001
 5.6046085E+001  2.9976615E-001
 5.5703591E+001  1.2785186E-001
 5.5361097E+001  3.9918645E-001
 5.5018602E+001  2.7223194E-001
 5.4676108E+001  2.1489914E-001
 5.4333613E+001  1.3001652E-001
 5.3991119E+001  3.6553855E-001
 5.3648625E+001  2.1000022E-001
 5.3306130E+001  3.5174896E-001
 5.2963636E+001  2.2829966E-001
 5.2621141E+001  3.2295394E-001
 5.2278647E+001  1.8191564E-001
 5.1936153E+001  2.0708110E-001
 5.1593658E+001  2.7845774E-001
 5.1251164E+001  1.9926202E-001
 5.0908669E+001  1.1750355E-001
 5.0566175E+001  2.7582253E-001
 5.0223681E+001  1.0607628E-001
 4.9881186E+001  1.6032208E-001
 4.9538692E+001  2.5767579E-001
 4.9196197E+001  4.6651393E-002
 4.8853703E+001  1.2244279E-001
 4.8511209E+001  1.2322787E-001
 4.8168714E+001  1.3801076E-001
 4.7826220E+001  1.6875748E-001
 4.7483725E+001  7.8901053E-002
 4.7141231E+001  1.8978711E-001
 4.6798737E+001  4.5129683E-002
 4.6456242E+001  1.7483818E-001
 4.6113748E+001  1.5128414E-001
 4.5771253E+001  1.8299316E-001
 4.5428759E+001  1.6961155E-001
 4.5086265E+001  3.0823260E-002
 4.4743770E+001 -2.7446531E-002
 4.4401276E+001  1.4652205E-001
 4.4058781E+001 -8.6264641E-002
 4.3716287E+001 -5.2233640E-002
 4.3373793E+001 -6.3508395E-002
 4.3031298E+001  2.7927906E-001
 4.2688804E+001  7.4568083E-002
 4.2346309E+001  1.8245652E-001
 4.2003815E+001  4.1653077E-002
 4.1661321E+001  3.1114889E-002
 4.1318826E+001  8.9390930E-002
 4.0976332E+001  5.8801719E-003
 4.0633837E+001  1.0884990E-001
 4.0291343E+001  3.7165185E-002
 3.9948849E+001  3.8369158E-002
 3.9606354E+001  4.6250427E-002
 3.9263860E+001  3.8622321E-002
 3.8921365E+001  7.0351601E-002
 3.8578871E+001  1.5040293E-001
 3.8236377E+001  1.1673613E-001
 3.7893882E+001 -4.4821472E-002
 3.7551388E+001  1.2139942E-001
 3.7208893E+001  1.0299758E-001
