 8.5705762E+001 -4.8316035E-001
 8.5363268E+001  1.8561177E-001
 8.5020773E+001 -1.1805020E-001
 8.4678279E+001 -5.3625515E-001
 8.4335785E+001 -4.7927836E-001
 8.3993290E+001 -1.0381576E-001
 8.3650796E+001  1.9423251E-001
 8.3308301E+001 -1.9053976E-001
 8.2965807E+001 -2.6129607E-001
 8.2623313E+001  1.0646826E-001
 8.2280818E+001 -2.5061740E-001
 8.1938324E+001  6.9174486E-001
 8.1595829E+001  9.5019893E-002
 8.1253335E+001 -2.8879452E-001
 8.0910841E+001 -3.1504256E-001
 8.0568346E+001  3.1346283E-002
 8.0225852E+001 -9.4266127E-002
 7.9883357E+001 -2.7118042E-002
 7.9540863E+001  2.2729157E-001
 7.9198369E+001  6.3510772E-002
 7.8855874E+001  6.9363117E-001
 7.8513380E+001 -1.5513999E-001
 7.8170885E+001  1.2631184E-001
 7.7828391E+001 -3.6526272E-002
 7.7485897E+001  4.3450205E-001
 7.7143402E+001 -2.7092395E-001
 7.6800908E+001  6.5752752E-002
 7.6458413E+001 -2.7201323E-001
 7.6115919E+001  2.0317165E-001
 7.5773425E+001 -1.4870812E-001
 7.5430930E+001  3.8639381E-001
 7.5088436E+001  1.5232441E-002
 7.4745941E+001  1.1803644E-001
 7.4403447E+001 -4.0016255E-001
 7.4060953E+001  3.6183231E-001
 7.3718458E+001 -1.7310786E-002
 7.3375964E+001  2.4005634E-001
 7.3033469E+001  9.3160179E-002
 7.2690975E+001  1.6654879E-001
 7.2348481E+001  4.3743210E-002
 7.2005986E+001  2.4099234E-001
 7.1663492E+001 -3.5592629E-002
 7.1320997E+001  1.0173880E-001
 7.0978503E+001  3.6533999E-001
 7.0636009E+001  4.6358535E-001
 7.0293514E+001  3.4285212E-002
 6.9951020E+001 -1.5047404E-001
 6.9608525E+001  1.7902759E-001
 6.9266031E+001  1.3263319E-001
 6.8923537E+001  5.6917749E-001
 6.8581042E+001  1.1755244E+000
 6.8238548E+001  5.2990677E-001
 6.7896053E+001  4.0725289E-001
 6.7553559E+001  4.3115719E-001
 6.7211065E+001  7.0961697E-001
 6.6868570E+001  5.8739591E-001
 6.6526076E+001  5.0838824E-001
 6.6183581E+001  3.9027152E-001
 6.5841087E+001  6.3869728E-001
 6.5498593E+001  3.3383599E-001
 6.5156098E+001  6.2651436E-001
 6.4813604E+001  8.9882241E-001
 6.4471109E+001  1.0626903E+000
 6.4128615E+001  1.3807959E+000
 6.3786121E+001  1.0243377E+000
 6.3443626E+001  1.2875478E+000
 6.3101132E+001  1.1991688E+000
 6.2758637E+001  1.1126409E+000
 6.2416143E+001  1.2258579E+000
 6.2073649E+001  1.1720544E+000
 6.1731154E+001  1.7062385E+000
 6.1388660E+001  1.1766002E+000
 6.1046165E+001  9.9507913E-001
 6.0703671E+001  8.0933284E-001
 6.0361177E+001  7.0059601E-001
 6.0018682E+001  1.2080107E+000
 5.9676188E+001  1.5318939E+000
 5.9333693E+001  3.4503904E-001
 5.8991199E+001  8.5272409E-001
 5.8648705E+001  2.2533508E-001
 5.8306210E+001  3.2570057E-001
 5.7963716E+001  5.1914793E-001
 5.7621221E+001  4.5225594E-001
 5.7278727E+001  2.4610244E-001
 5.6936233E+001  1.0665291E+000
 5.6593738E+001  7.3653023E-001
 5.6251244E+001  2.8845375E-001
 5.5908749E+001  2.8552955E-001
 5.5566255E+001  8.6663261E-002
 5.5223761E+001  4.8630845E-001
 5.4881266E+001  3.2041368E-001
 5.4538772E+001  5.7261150E-001
 5.4196277E+001  5.9142044E-002
 5.3853783E+001  8.5471613E-001
 5.3511289E+001  3.0877710E-001
 5.3168794E+001 -3.0368660E-002
 5.2826300E+001 -1.7547896E-001
 5.2483805E+001  2.8695847E-001
 5.2141311E+001  7.1176193E-002
 5.1798817E+001  5.5159744E-001
 5.1456322E+001  4.1542931E-001
 5.1113828E+001  5.9887175E-001
 5.0771333E+001  3.3833833E-001
 5.0428839E+001  3.9198041E-001
 5.0086345E+001  1.8479276E-001
 4.9743850E+001 -7.6346441E-002
 4.9401356E+001  1.4923965E-001
 4.9058861E+001 -2.3926314E-001
 4.8716367E+001  8.6511911E-002
 4.8373873E+001  2.0451587E-001
 4.8031378E+001 -5.3562951E-003
 4.7688884E+001 -4.6838120E-001
 4.7346389E+001 -7.0665427E-002
 4.7003895E+001  2.6760579E-001
 4.6661401E+001  5.7646897E-002
 4.6318906E+001  3.5298127E-001
 4.5976412E+001  3.5221327E-002
 4.5633917E+001  1.7630380E-001
 4.5291423E+001 -2.3084760E-001
 4.4948929E+001  3.1489426E-001
 4.4606434E+001 -1.5674703E-001
 4.4263940E+001 -6.1708881E-001
 4.3921445E+001  7.0918926E-002
 4.3578951E+001 -1.6560162E-002
 4.3236457E+001 -2.2606725E-001
 4.2893962E+001 -1.7142897E-001
 4.2551468E+001  2.7552015E-001
 4.2208973E+001 -2.2735407E-001
