 4.0405512E+001 -1.2915859E-001
 4.0063018E+001 -1.4915833E-001
 3.9720523E+001  9.7041122E-002
 3.9378029E+001  3.6762939E-002
 3.9035535E+001  8.9746515E-003
 3.8693040E+001  2.2307473E-001
 3.8350546E+001  4.1494734E-002
 3.8008051E+001 -5.3754431E-002
 3.7665557E+001 -9.3139907E-002
 3.7323063E+001 -7.1557804E-002
 3.6980568E+001  1.1247909E-001
 3.6638074E+001 -1.6493973E-001
 3.6295579E+001  1.3413106E-001
 3.5953085E+001 -1.2569080E-001
 3.5610591E+001  5.2359481E-002
 3.5268096E+001  2.0908028E-002
 3.4925602E+001 -1.1531531E-001
 3.4583107E+001  4.0322688E-002
 3.4240613E+001  1.9767271E-001
 3.3898119E+001 -1.5858257E-001
 3.3555624E+001 -6.1931510E-003
 3.3213130E+001  1.2025093E-001
 3.2870635E+001  6.9869451E-002
 3.2528141E+001  7.9531750E-002
 3.2185647E+001 -5.4684915E-002
 3.1843152E+001  1.6350565E-001
 3.1500658E+001 -9.0867918E-002
 3.1158163E+001  5.9355646E-002
 3.0815669E+001 -1.6190217E-002
 3.0473175E+001  1.0192301E-002
 3.0130680E+001  3.0648200E-004
 2.9788186E+001  1.0132738E-001
 2.9445691E+001  1.3186038E-003
 2.9103197E+001  1.0071744E-001
 2.8760703E+001  1.6640039E-001
 2.8418208E+001  4.1411361E-002
 2.8075714E+001  4.7716465E-002
 2.7733219E+001  1.6913010E-001
 2.7390725E+001 -1.1381639E-002
 2.7048231E+001  2.4249357E-001
 2.6705736E+001  1.4155075E-001
 2.6363242E+001  1.3109843E-001
 2.6020747E+001 -8.2056752E-002
 2.5678253E+001  3.0577067E-002
 2.5335759E+001 -1.2329734E-001
 2.4993264E+001  1.0631610E-001
 2.4650770E+001  1.9207730E-001
 2.4308275E+001  4.3684714E-001
 2.3965781E+001  3.4199892E-001
 2.3623287E+001  2.4286566E-001
 2.3280792E+001  2.0515268E-001
 2.2938298E+001 -7.3362779E-002
 2.2595803E+001  2.0527821E-001
 2.2253309E+001  1.0976946E-001
 2.1910815E+001  3.1443760E-003
 2.1568320E+001  1.9979583E-002
 2.1225826E+001  1.1932330E-001
 2.0883331E+001  6.4193424E-002
 2.0540837E+001  4.7399516E-002
 2.0198343E+001  1.3235101E-001
 1.9855848E+001 -1.6268239E-001
 1.9513354E+001  1.2620764E-001
 1.9170859E+001 -4.5816755E-002
 1.8828365E+001 -1.0899347E-001
 1.8485871E+001 -1.5636888E-001
 1.8143376E+001  6.4426669E-002
 1.7800882E+001  1.0660646E-001
 1.7458387E+001  1.1388577E-001
 1.7115893E+001  1.6952457E-002
 1.6773399E+001 -3.8895463E-002
 1.6430904E+001 -1.9223286E-002
 1.6088410E+001  9.5084445E-002
 1.5745915E+001  4.1107069E-002
 1.5403421E+001  1.3838278E-001
 1.5060927E+001 -6.7999551E-002
 1.4718432E+001  1.5706528E-001
 1.4375938E+001  3.5044067E-002
 1.4033443E+001  3.0594081E-003
 1.3690949E+001  2.5816467E-001
 1.3348455E+001  2.1373597E-001
 1.3005960E+001  8.9635680E-002
 1.2663466E+001 -6.4304046E-002
 1.2320971E+001  4.8449808E-002
 1.1978477E+001  1.1255799E-001
 1.1635983E+001  1.3960460E-001
 1.1293488E+001 -2.4773552E-002
 1.0950994E+001  6.3736452E-003
 1.0608499E+001  3.3428844E-002
 1.0266005E+001 -1.3109225E-001
 9.9235110E+000  2.7150580E-003
 9.5810166E+000 -6.9369670E-002
 9.2385222E+000  1.6882383E-001
 8.8960278E+000 -3.9909236E-002
 8.5535334E+000 -1.6383607E-001
 8.2110390E+000  1.0358163E-002
 7.8685446E+000  2.4758502E-002
 7.5260502E+000 -1.0445602E-002
 7.1835558E+000  9.1062089E-003
 6.8410614E+000  1.2515816E-001
 6.4985670E+000  2.2332200E-001
 6.1560726E+000 -1.4774686E-001
 5.8135782E+000  3.3345657E-002
 5.4710838E+000 -2.9138502E-002
 5.1285894E+000 -8.8159449E-002
 4.7860950E+000 -1.7522932E-001
 4.4436006E+000  6.1519170E-002
 4.1011062E+000  2.4711238E-001
 3.7586118E+000  1.4147798E-001
 3.4161174E+000  5.1344824E-002
 3.0736230E+000 -7.3004675E-002
 2.7311286E+000  3.7705714E-001
 2.3886342E+000 -6.2536150E-001
 2.0461398E+000  1.3627018E-001
 1.7036454E+000  1.0955888E-001
 1.3611510E+000 -7.6154007E-002
 1.0186566E+000  7.1097524E-002
 6.7616220E-001 -8.6866611E-003
 3.3366780E-001  1.0508454E-001
-8.8265999E-003  1.5392302E-001
-3.5132099E-001  2.0710091E-001
-6.9381539E-001  3.3143679E-001
-1.0363098E+000  1.7122748E-001
-1.3788042E+000  2.8658103E-002
-1.7212986E+000 -1.4756970E-001
-2.0637930E+000  1.1706218E-002
-2.4062874E+000  4.1731111E-002
-2.7487818E+000  3.3686708E-002
-3.0912762E+000  2.8116704E-003
