 1.6706016E+001 -8.3396946E-002
 1.6363522E+001  1.4613425E-001
 1.6021027E+001  7.9024862E-002
 1.5678533E+001 -2.2383304E-002
 1.5336039E+001  3.4154495E-002
 1.4993544E+001  8.1937716E-002
 1.4651050E+001  2.0716166E-001
 1.4308555E+001  1.5541169E-001
 1.3966061E+001  1.5389041E-001
 1.3623567E+001  1.8458798E-001
 1.3281072E+001  5.7943944E-002
 1.2938578E+001  7.0191426E-002
 1.2596083E+001  6.4751326E-002
 1.2253589E+001  1.9757438E-001
 1.1911095E+001 -1.1290956E-001
 1.1568600E+001 -7.1592921E-002
 1.1226106E+001  1.6540804E-001
 1.0883611E+001 -3.9325462E-002
 1.0541117E+001  1.9097322E-002
 1.0198623E+001  1.6951114E-001
 9.8561286E+000  2.8014030E-002
 9.5136342E+000  9.7124335E-002
 9.1711398E+000  2.3019606E-001
 8.8286454E+000  2.0152956E-001
 8.4861510E+000 -1.7047437E-001
 8.1436566E+000  7.0146332E-002
 7.8011622E+000  5.4216447E-002
 7.4586678E+000  1.6179766E-001
 7.1161734E+000  5.6947961E-002
 6.7736790E+000  1.2460682E-002
 6.4311846E+000 -1.1572733E-001
 6.0886902E+000  5.3444200E-002
 5.7461958E+000  1.5721429E-001
 5.4037014E+000  4.8793927E-002
 5.0612070E+000  8.5444735E-002
 4.7187126E+000 -1.2484423E-001
 4.3762182E+000  3.4730325E-002
 4.0337238E+000 -1.7374063E-001
 3.6912294E+000  1.5311249E-001
 3.3487350E+000 -6.5039307E-002
 3.0062406E+000  1.1216822E-001
 2.6637462E+000 -2.8309753E-002
 2.3212518E+000  1.2471488E-002
 1.9787574E+000  4.4602457E-002
 1.6362630E+000  1.3290463E-002
 1.2937686E+000  1.4123098E-001
 9.5127420E-001  1.2970239E-001
 6.0877980E-001  8.5420468E-003
 2.6628540E-001  4.7604595E-002
-7.6209000E-002  7.0411488E-002
-4.1870340E-001  6.3506344E-002
-7.6119780E-001  1.4652388E-001
-1.1036922E+000  1.6008736E-001
-1.4461866E+000  1.4980351E-001
-1.7886810E+000  1.9994889E-001
-2.1311754E+000  3.3872026E-001
-2.4736698E+000  3.6800396E-001
-2.8161642E+000  4.1266110E-001
-3.1586586E+000  2.3782151E-001
-3.5011530E+000  1.7003694E-001
-3.8436474E+000 -6.2655961E-002
-4.1861418E+000  1.9684338E-001
-4.5286362E+000  4.6676874E-002
-4.8711306E+000 -2.3913625E-002
-5.2136250E+000 -9.3376433E-002
-5.5561194E+000  1.7612523E-001
-5.8986138E+000  9.8920330E-002
-6.2411082E+000 -1.0170315E-003
-6.5836026E+000  1.6688699E-001
-6.9260970E+000 -1.2646505E-002
-7.2685914E+000  7.2481184E-002
-7.6110858E+000  4.2714305E-003
-7.9535802E+000 -1.1131332E-001
-8.2960746E+000  9.9802001E-003
-8.6385690E+000  1.0483284E-001
-8.9810634E+000  2.0217870E-002
-9.3235578E+000 -2.7438399E-002
-9.6660522E+000  1.1729398E-002
-1.0008546E+001 -8.2875339E-002
-1.0351041E+001  6.2051881E-002
-1.0693535E+001  1.8064771E-001
-1.1036029E+001  8.7053776E-002
-1.1378524E+001  4.5036425E-003
-1.1721018E+001  7.6401790E-002
-1.2063513E+001 -9.2207264E-002
-1.2406007E+001 -3.7394525E-002
-1.2748501E+001 -1.7095610E-001
-1.3090996E+001  3.5049635E-001
-1.3433490E+001 -5.4434691E-002
-1.3775985E+001 -2.1531034E-001
-1.4118479E+001 -4.5712467E-002
-1.4460973E+001 -1.0974433E-001
-1.4803468E+001  8.5708274E-002
-1.5145962E+001 -7.5079816E-002
-1.5488457E+001 -1.0733758E-001
-1.5830951E+001 -4.1090816E-002
-1.6173445E+001  1.4288529E-001
-1.6515940E+001 -3.3828426E-002
-1.6858434E+001  3.8477021E-002
-1.7200929E+001 -7.6717396E-003
-1.7543423E+001  7.3426843E-002
-1.7885917E+001  1.5813683E-001
-1.8228412E+001 -1.6792828E-001
-1.8570906E+001 -3.9166459E-002
-1.8913401E+001 -8.0885922E-002
-1.9255895E+001  6.9478092E-003
-1.9598389E+001  1.9293775E-003
-1.9940884E+001 -3.4211382E-002
-2.0283378E+001 -4.2979861E-002
-2.0625873E+001  1.0937204E-001
-2.0968367E+001  4.3928971E-002
-2.1310861E+001 -4.0941572E-001
-2.1653356E+001  4.7026171E-001
-2.1995850E+001 -1.6131448E-001
-2.2338345E+001  5.1924989E-002
-2.2680839E+001  7.9774745E-002
-2.3023333E+001 -2.4874552E-002
-2.3365828E+001  5.0972628E-002
-2.3708322E+001  1.8426856E-002
-2.4050817E+001 -2.3677666E-002
-2.4393311E+001 -9.4109486E-002
-2.4735805E+001  3.4996987E-002
-2.5078300E+001 -2.5322683E-001
-2.5420794E+001  1.4295289E-001
-2.5763289E+001 -9.9247895E-002
-2.6105783E+001  6.2856889E-003
-2.6448277E+001 -4.1762090E-002
-2.6790772E+001  8.2499746E-002
