 2.0705516E+001 -2.6147175E-001
 2.0363022E+001  9.3550355E-002
 2.0020527E+001 -3.7427322E-002
 1.9678033E+001  3.1796338E-001
 1.9335539E+001  3.9912340E-002
 1.8993044E+001 -1.4655948E-001
 1.8650550E+001 -1.5907850E-001
 1.8308055E+001 -3.4517136E-001
 1.7965561E+001 -2.7698347E-001
 1.7623067E+001  8.4810652E-002
 1.7280572E+001 -1.1878564E-001
 1.6938078E+001 -3.0052541E-001
 1.6595583E+001  1.7807997E-002
 1.6253089E+001 -2.2411197E-001
 1.5910595E+001 -8.0708260E-002
 1.5568100E+001 -4.4151337E-001
 1.5225606E+001 -9.2883520E-002
 1.4883111E+001 -3.8369805E-001
 1.4540617E+001 -1.5348503E-001
 1.4198123E+001  1.5169190E-001
 1.3855628E+001 -1.8440294E-001
 1.3513134E+001 -2.2329420E-002
 1.3170639E+001 -5.2094228E-002
 1.2828145E+001 -4.1893038E-001
 1.2485651E+001  2.1231668E-001
 1.2143156E+001 -2.5258666E-001
 1.1800662E+001 -5.1364889E-001
 1.1458167E+001 -5.8778623E-002
 1.1115673E+001 -5.4939146E-001
 1.0773179E+001  1.6916889E-002
 1.0430684E+001 -3.1036675E-001
 1.0088190E+001 -3.3947034E-001
 9.7456958E+000 -1.3729053E-001
 9.4032014E+000 -1.6013323E-001
 9.0607070E+000 -1.6005367E-001
 8.7182126E+000  3.0230159E-001
 8.3757182E+000  1.9517127E-001
 8.0332238E+000 -3.2246496E-001
 7.6907294E+000 -5.0925223E-002
 7.3482350E+000 -1.1724649E-001
 7.0057406E+000  8.0201445E-002
 6.6632462E+000  7.6817844E-002
 6.3207518E+000 -6.6499190E-002
 5.9782574E+000 -3.2026896E-001
 5.6357630E+000  6.1034577E-002
 5.2932686E+000 -1.0214949E-001
 4.9507742E+000 -2.8943084E-002
 4.6082798E+000 -2.5093609E-001
 4.2657854E+000  5.6136319E-002
 3.9232910E+000 -1.1033616E-001
 3.5807966E+000  4.4891939E-001
 3.2383022E+000 -1.9836285E-001
 2.8958078E+000 -1.2824710E-001
 2.5533134E+000 -3.4087772E-002
 2.2108190E+000 -3.8268939E-001
 1.8683246E+000  4.1152842E-002
 1.5258302E+000 -5.2979034E-003
 1.1833358E+000  7.9089621E-002
 8.4084140E-001 -1.1903964E-001
 4.9834700E-001  4.4329327E-002
 1.5585260E-001  1.7130059E-001
-1.8664180E-001  2.7526091E-001
-5.2913620E-001  3.5445093E-001
-8.7163060E-001  4.1072603E-001
-1.2141250E+000  8.5255723E-001
-1.5566194E+000  9.4729511E-001
-1.8991138E+000  1.0730210E+000
-2.2416082E+000  7.8948469E-001
-2.5841026E+000  1.0601203E+000
-2.9265970E+000  1.1052823E+000
-3.2690914E+000  1.2824792E+000
-3.6115858E+000  1.7925974E+000
-3.9540802E+000  1.1119587E+000
-4.2965746E+000  8.1365858E-001
-4.6390690E+000  7.9320838E-001
-4.9815634E+000  8.7101508E-001
-5.3240578E+000  6.3048233E-001
-5.6665522E+000  3.0905134E-001
-6.0090466E+000 -4.4287038E-002
-6.3515410E+000  9.8917214E-002
-6.6940354E+000 -1.9434262E-001
-7.0365298E+000 -3.8559311E-002
-7.3790242E+000 -1.0579523E-001
-7.7215186E+000 -2.2260804E-001
-8.0640130E+000  3.3706492E-001
-8.4065074E+000 -1.5594230E-001
-8.7490018E+000  1.8070715E-001
-9.0914962E+000 -1.7706561E-001
-9.4339906E+000  1.4845422E-001
-9.7764850E+000  1.7765393E-001
-1.0118979E+001 -2.6276062E-001
-1.0461473E+001  9.9976720E-002
-1.0803968E+001 -2.7191430E-002
-1.1146462E+001 -8.0234268E-002
-1.1488957E+001 -1.9769064E-001
-1.1831451E+001  2.6699617E-001
-1.2173945E+001 -3.3306549E-001
-1.2516440E+001 -1.8419415E-001
-1.2858934E+001 -1.9423336E-001
-1.3201429E+001 -1.7647864E-001
-1.3543923E+001 -1.3096602E-001
-1.3886417E+001 -3.5465775E-001
-1.4228912E+001 -3.1213724E-002
-1.4571406E+001 -1.6816392E-001
-1.4913901E+001 -4.8923282E-001
-1.5256395E+001 -2.3837943E-001
-1.5598889E+001 -2.3652884E-001
-1.5941384E+001 -2.2869893E-001
-1.6283878E+001 -2.0587016E-001
-1.6626373E+001  9.8515763E-002
-1.6968867E+001 -1.8876422E-001
-1.7311361E+001  1.9335834E-002
-1.7653856E+001 -5.7597771E-002
-1.7996350E+001  3.2504948E-001
-1.8338845E+001  1.2031915E-002
-1.8681339E+001  4.1717342E-003
-1.9023833E+001 -2.6700951E-001
-1.9366328E+001 -1.0784684E-001
-1.9708822E+001  1.7142850E-002
-2.0051317E+001 -2.4015311E-001
-2.0393811E+001  2.3942469E-002
-2.0736305E+001 -2.9790820E-002
-2.1078800E+001 -1.4432401E-001
-2.1421294E+001 -1.0521532E-001
-2.1763789E+001 -2.8251115E-001
-2.2106283E+001 -1.5873799E-002
-2.2448777E+001 -3.1616454E-001
-2.2791272E+001 -3.4179735E-001
