-1.9194277E+001  2.9212360E-002
-1.9536771E+001  6.5833741E-002
-1.9879266E+001 -4.9221756E-002
-2.0221760E+001 -6.6672821E-002
-2.0564255E+001 -4.1813011E-002
-2.0906749E+001  8.9538087E-002
-2.1249243E+001  3.5102051E-004
-2.1591738E+001  5.1598438E-002
-2.1934232E+001  8.2903923E-003
-2.2276727E+001 -1.3262163E-001
-2.2619221E+001  7.6369215E-002
-2.2961715E+001 -9.5231269E-002
-2.3304210E+001 -8.8784519E-002
-2.3646704E+001 -5.2089004E-002
-2.3989199E+001 -9.6235713E-002
-2.4331693E+001 -7.3245121E-002
-2.4674187E+001 -1.5606550E-001
-2.5016682E+001  1.2311092E-002
-2.5359176E+001  1.2918989E-002
-2.5701671E+001 -1.4325523E-001
-2.6044165E+001  1.1259056E-001
-2.6386659E+001 -2.9108568E-001
-2.6729154E+001 -3.6652269E-001
-2.7071648E+001 -3.6463640E-002
-2.7414143E+001 -9.8306546E-002
-2.7756637E+001 -1.7789320E-001
-2.8099131E+001  8.9993264E-002
-2.8441626E+001 -3.2415525E-002
-2.8784120E+001 -2.2089195E-001
-2.9126615E+001 -1.0169146E-001
-2.9469109E+001 -7.1024310E-002
-2.9811603E+001 -2.6245762E-001
-3.0154098E+001  7.4636483E-002
-3.0496592E+001  1.0975444E-001
-3.0839087E+001  6.7303931E-002
-3.1181581E+001  9.0823837E-003
-3.1524075E+001 -3.9451821E-002
-3.1866570E+001  3.6169973E-002
-3.2209064E+001 -8.2916664E-004
-3.2551559E+001  3.9844368E-002
-3.2894053E+001 -2.0512265E-002
-3.3236547E+001 -1.3584819E-001
-3.3579042E+001  8.8413221E-002
-3.3921536E+001 -3.1861496E-002
-3.4264031E+001 -7.3597223E-002
-3.4606525E+001  1.2534164E-001
-3.4949019E+001 -7.4009239E-002
-3.5291514E+001 -3.6132965E-002
-3.5634008E+001 -6.2737369E-002
-3.5976503E+001 -6.5086545E-002
-3.6318997E+001 -8.2081551E-002
-3.6661491E+001  1.3175752E-001
-3.7003986E+001 -1.5943736E-001
-3.7346480E+001 -6.8650116E-002
-3.7688975E+001 -8.7870922E-002
-3.8031469E+001  8.8329932E-003
-3.8373963E+001 -1.6020523E-001
-3.8716458E+001 -3.7097083E-002
-3.9058952E+001 -3.6044798E-001
-3.9401447E+001 -6.4740589E-002
-3.9743941E+001 -1.3731005E-003
-4.0086435E+001  1.4716152E-001
-4.0428930E+001 -5.5146846E-002
-4.0771424E+001  6.7171544E-003
-4.1113919E+001 -6.9712483E-003
-4.1456413E+001  1.6024979E-002
-4.1798907E+001  4.7990873E-002
-4.2141402E+001  1.2205055E-001
-4.2483896E+001  2.6196354E-001
-4.2826391E+001  3.2539046E-001
-4.3168885E+001  1.5812435E-001
-4.3511379E+001  5.8272983E-001
-4.3853874E+001  3.0687020E-001
-4.4196368E+001  3.4451611E-001
-4.4538863E+001  2.7972584E-001
-4.4881357E+001  1.3911997E-001
-4.5223851E+001  1.2412391E-001
-4.5566346E+001  1.8162238E-001
-4.5908840E+001 -1.3752342E-001
-4.6251335E+001 -5.1040432E-002
-4.6593829E+001  7.6140457E-002
-4.6936323E+001  1.1235492E-001
-4.7278818E+001  5.8985767E-002
-4.7621312E+001  1.2236377E-001
-4.7963807E+001  1.2905237E-002
-4.8306301E+001 -1.0121377E-001
-4.8648795E+001  1.3953725E-001
-4.8991290E+001 -8.4762982E-002
-4.9333784E+001 -1.0497411E-001
-4.9676279E+001  1.6968257E-001
-5.0018773E+001 -1.3967818E-001
-5.0361267E+001  5.5043578E-002
-5.0703762E+001 -6.5360345E-002
-5.1046256E+001  7.4726873E-002
-5.1388751E+001  1.8922531E-001
-5.1731245E+001  1.4255777E-001
-5.2073739E+001  9.3195265E-002
-5.2416234E+001  1.2198097E-001
-5.2758728E+001 -8.2992694E-003
-5.3101223E+001  5.0552310E-002
-5.3443717E+001  3.2964651E-002
-5.3786211E+001 -8.9231616E-002
-5.4128706E+001 -5.0460251E-002
-5.4471200E+001 -5.3666601E-002
-5.4813695E+001 -4.9848984E-002
-5.5156189E+001  3.0687916E-002
-5.5498683E+001 -6.5682857E-002
-5.5841178E+001 -3.7018879E-002
-5.6183672E+001 -8.5179734E-002
-5.6526167E+001 -3.4021834E-002
-5.6868661E+001  1.6924431E-001
-5.7211155E+001 -5.0157518E-003
-5.7553650E+001  3.0901361E-002
-5.7896144E+001 -1.4087842E-002
-5.8238639E+001  1.0321859E-001
-5.8581133E+001 -1.3852947E-001
-5.8923627E+001 -8.2554404E-002
-5.9266122E+001 -2.0204028E-001
-5.9608616E+001  7.5036499E-002
-5.9951111E+001  7.6780135E-003
-6.0293605E+001  0.0000000E+000
-6.0636099E+001  0.0000000E+000
-6.0978594E+001  0.0000000E+000
-6.1321088E+001  0.0000000E+000
-6.1663583E+001  0.0000000E+000
-6.2006077E+001  0.0000000E+000
-6.2348571E+001  0.0000000E+000
-6.2691066E+001  0.0000000E+000
