 2.2395489E+001 -7.5709537E-002
 2.2052995E+001  6.0538753E-002
 2.1710500E+001  1.4990071E-002
 2.1368006E+001 -8.8148720E-002
 2.1025512E+001 -3.9583341E-002
 2.0683017E+001 -1.7818689E-002
 2.0340523E+001  1.0671811E-001
 1.9998028E+001  4.7709339E-002
 1.9655534E+001  1.7608592E-002
 1.9313040E+001 -9.4529268E-002
 1.8970545E+001  6.8360054E-002
 1.8628051E+001  2.2770839E-002
 1.8285556E+001 -2.1581972E-001
 1.7943062E+001  6.2588806E-003
 1.7600568E+001  2.8396362E-002
 1.7258073E+001 -5.3384970E-002
 1.6915579E+001  9.9919197E-003
 1.6573084E+001 -5.6097013E-002
 1.6230590E+001 -2.2721507E-002
 1.5888096E+001 -2.8563787E-002
 1.5545601E+001  9.1983516E-002
 1.5203107E+001 -5.4140578E-002
 1.4860612E+001  1.9430848E-001
 1.4518118E+001 -1.2438004E-001
 1.4175624E+001  1.3468057E-001
 1.3833129E+001 -1.9223438E-001
 1.3490635E+001 -1.4373165E-002
 1.3148140E+001 -1.0889740E-001
 1.2805646E+001 -4.5557369E-002
 1.2463152E+001 -8.2362750E-002
 1.2120657E+001 -2.3422034E-002
 1.1778163E+001  4.0123995E-002
 1.1435668E+001  6.0192639E-002
 1.1093174E+001 -2.5172622E-002
 1.0750680E+001 -1.0424557E-001
 1.0408185E+001 -7.6465905E-002
 1.0065691E+001  3.0788500E-002
 9.7231968E+000  8.9581763E-002
 9.3807024E+000 -5.8477685E-002
 9.0382080E+000 -1.1117995E-001
 8.6957136E+000  8.9157691E-002
 8.3532192E+000  5.6358458E-003
 8.0107248E+000 -9.8806599E-002
 7.6682304E+000 -2.2798547E-002
 7.3257360E+000 -3.3040271E-002
 6.9832416E+000 -9.6842407E-002
 6.6407472E+000  8.5278940E-002
 6.2982528E+000  2.2497034E-002
 5.9557584E+000 -2.4566786E-002
 5.6132640E+000  1.0711574E-002
 5.2707696E+000 -1.9257415E-002
 4.9282752E+000 -9.6296524E-002
 4.5857808E+000 -1.5038403E-001
 4.2432864E+000 -3.7599757E-002
 3.9007920E+000  9.5569448E-002
 3.5582976E+000  7.1765665E-002
 3.2158032E+000  4.6198693E-002
 2.8733088E+000  2.8363564E-004
 2.5308144E+000  3.7380015E-001
 2.1883200E+000  2.9966698E-001
 1.8458256E+000  3.2691106E-001
 1.5033312E+000  2.8390601E-001
 1.1608368E+000  2.7051419E-001
 8.1834240E-001  2.5459272E-001
 4.7584800E-001  2.2459074E-001
 1.3335360E-001 -2.2870507E-003
-2.0914080E-001  1.7252046E-001
-5.5163520E-001  9.6169382E-002
-8.9412960E-001  1.9845036E-001
-1.2366240E+000  1.6662038E-001
-1.5791184E+000  2.2479011E-001
-1.9216128E+000 -6.1768515E-002
-2.2641072E+000 -3.9492527E-002
-2.6066016E+000 -5.7239637E-002
-2.9490960E+000  2.7133357E-002
-3.2915904E+000 -3.4905413E-002
-3.6340848E+000  5.2149070E-002
-3.9765792E+000  2.6575937E-002
-4.3190736E+000 -9.7387158E-002
-4.6615680E+000 -3.2293159E-002
-5.0040624E+000  1.2000386E-001
-5.3465568E+000 -1.6421877E-001
-5.6890512E+000  1.2613158E-001
-6.0315456E+000 -1.1380472E-001
-6.3740400E+000 -1.0373736E-001
-6.7165344E+000  5.1893491E-002
-7.0590288E+000  7.9274236E-002
-7.4015232E+000 -5.3209497E-002
-7.7440176E+000  1.8645272E-001
-8.0865120E+000  4.5157088E-002
-8.4290064E+000 -1.0999036E-001
-8.7715008E+000 -1.1107993E-001
-9.1139952E+000 -9.1095235E-002
-9.4564896E+000 -5.5377396E-002
-9.7989840E+000 -6.4105436E-002
-1.0141478E+001 -9.4473362E-002
-1.0483972E+001 -4.7321284E-002
-1.0826467E+001 -7.5820548E-002
-1.1168961E+001  2.0080638E-002
-1.1511456E+001  1.2668000E-001
-1.1853950E+001  7.6118162E-002
-1.2196444E+001  1.1684215E-001
-1.2538939E+001 -1.0737192E-001
-1.2881433E+001 -2.0028073E-001
-1.3223928E+001 -9.9396067E-002
-1.3566422E+001  1.2002408E-001
-1.3908916E+001  1.7121410E-002
-1.4251411E+001 -1.8411669E-001
-1.4593905E+001 -4.7295421E-002
-1.4936400E+001 -4.0868561E-002
-1.5278894E+001  6.7509290E-002
-1.5621388E+001  7.7158650E-002
-1.5963883E+001 -1.4008446E-001
-1.6306377E+001  2.7987584E-002
-1.6648872E+001 -7.4749265E-002
-1.6991366E+001 -7.2265338E-002
-1.7333860E+001  8.6804858E-002
-1.7676355E+001  7.8727231E-002
-1.8018849E+001  6.6428753E-002
-1.8361344E+001 -4.3208710E-002
-1.8703838E+001  3.2758815E-002
-1.9046332E+001  7.6160270E-002
-1.9388827E+001  1.0930870E-001
-1.9731321E+001 -2.2428582E-002
-2.0073816E+001  5.0466221E-002
-2.0416310E+001 -1.0296656E-001
-2.0758804E+001  1.9098604E-001
-2.1101299E+001 -1.5243109E-002
