-2.6194257E+001 -8.6768152E-001
-2.6536751E+001  2.3412724E-001
-2.6879246E+001  6.0605042E-002
-2.7221740E+001 -8.6564140E-002
-2.7564235E+001  1.0756063E-001
-2.7906729E+001 -6.8026426E-002
-2.8249223E+001  4.2103231E-002
-2.8591718E+001  2.1839012E-002
-2.8934212E+001 -1.2245001E-001
-2.9276707E+001 -1.8148576E-001
-2.9619201E+001 -8.9915521E-002
-2.9961695E+001 -1.1984880E-002
-3.0304190E+001 -1.1943755E-001
-3.0646684E+001 -8.6309400E-004
-3.0989179E+001  5.9048374E-002
-3.1331673E+001 -1.5342947E-001
-3.1674167E+001  3.3299417E-002
-3.2016662E+001 -9.6905899E-002
-3.2359156E+001  2.0556717E-001
-3.2701651E+001  1.0405693E-001
-3.3044145E+001  2.7387331E-001
-3.3386639E+001 -2.0919556E-001
-3.3729134E+001  1.3928774E-002
-3.4071628E+001 -1.7613890E-001
-3.4414123E+001 -5.6453160E-002
-3.4756617E+001 -2.1359330E-001
-3.5099111E+001 -7.9717972E-002
-3.5441606E+001  2.4345011E-001
-3.5784100E+001  2.5128737E-001
-3.6126595E+001  2.1967062E-001
-3.6469089E+001 -8.8485889E-004
-3.6811583E+001  1.0053211E-001
-3.7154078E+001 -4.7155150E-002
-3.7496572E+001  2.9810784E-001
-3.7839067E+001 -7.8412860E-002
-3.8181561E+001 -2.3765006E-001
-3.8524055E+001 -3.0300318E-002
-3.8866550E+001  2.7611740E-001
-3.9209044E+001  6.6126946E-002
-3.9551539E+001  1.3743367E-001
-3.9894033E+001  2.5672698E-001
-4.0236527E+001 -6.2496877E-002
-4.0579022E+001  4.5171096E-002
-4.0921516E+001  1.8143530E-001
-4.1264011E+001 -1.9804631E-001
-4.1606505E+001 -1.9251411E-001
-4.1948999E+001  8.9658935E-002
-4.2291494E+001 -1.1936582E-001
-4.2633988E+001  1.1540070E-001
-4.2976483E+001 -1.4556813E-001
-4.3318977E+001 -2.0823734E-001
-4.3661471E+001 -6.5459250E-002
-4.4003966E+001 -3.6198603E-001
-4.4346460E+001 -2.3866493E-001
-4.4688955E+001  2.6690597E-001
-4.5031449E+001 -5.8448878E-003
-4.5373943E+001 -3.5257243E-002
-4.5716438E+001 -9.4562869E-002
-4.6058932E+001  3.6391370E-001
-4.6401427E+001  4.9340484E-001
-4.6743921E+001  5.0560892E-001
-4.7086415E+001  5.8223780E-001
-4.7428910E+001 -2.8491250E-002
-4.7771404E+001  5.4392013E-002
-4.8113899E+001 -3.9923002E-002
-4.8456393E+001  2.2722866E-001
-4.8798887E+001  1.4278346E-001
-4.9141382E+001 -1.4940795E-001
-4.9483876E+001 -4.2604058E-002
-4.9826371E+001 -1.1146867E-001
-5.0168865E+001 -9.9503746E-002
-5.0511359E+001  5.2583573E-003
-5.0853854E+001  2.1236468E-002
-5.1196348E+001 -8.2710899E-002
-5.1538843E+001 -1.6336748E-001
-5.1881337E+001  4.7404305E-002
-5.2223831E+001 -1.8847486E-001
-5.2566326E+001  1.0901901E-001
-5.2908820E+001  1.9311371E-001
-5.3251315E+001 -2.5898031E-002
-5.3593809E+001  3.3454480E-001
-5.3936303E+001 -3.5965453E-001
-5.4278798E+001  1.4049477E-001
-5.4621292E+001  1.2176028E-002
-5.4963787E+001  7.5742088E-002
-5.5306281E+001  2.6633510E-001
-5.5648775E+001  1.8689377E-002
-5.5991270E+001 -1.5369129E-001
-5.6333764E+001 -1.5437472E-001
-5.6676259E+001 -3.5398936E-002
-5.7018753E+001 -1.0243285E-001
-5.7361247E+001  2.4406650E-001
-5.7703742E+001 -2.5161171E-001
-5.8046236E+001  2.2716483E-002
-5.8388731E+001  7.0181617E-002
-5.8731225E+001 -9.2087670E-002
-5.9073719E+001 -2.5701407E-001
-5.9416214E+001 -3.0709839E-002
-5.9758708E+001  2.4915040E-001
-6.0101203E+001  4.2163824E-002
-6.0443697E+001 -1.1784894E-001
-6.0786191E+001  6.1252343E-002
-6.1128686E+001  4.6970720E-003
-6.1471180E+001 -2.9283305E-001
-6.1813675E+001  1.3387301E-001
-6.2156169E+001 -2.5716097E-002
-6.2498663E+001 -6.1784566E-002
-6.2841158E+001  8.6088566E-002
-6.3183652E+001  2.4180196E-001
-6.3526147E+001 -2.3036462E-001
-6.3868641E+001  3.7591909E-002
-6.4211135E+001 -1.2847533E-001
-6.4553630E+001  3.3012434E-001
-6.4896124E+001 -7.5684263E-003
-6.5238619E+001 -2.4554532E-002
-6.5581113E+001  1.5216447E-001
-6.5923607E+001 -7.5303479E-002
-6.6266102E+001  1.4268897E-001
-6.6608596E+001  1.0874730E-001
-6.6951091E+001  9.6677465E-002
-6.7293585E+001 -2.3281165E-001
-6.7636079E+001  2.3092231E-001
-6.7978574E+001 -1.7923190E-001
-6.8321068E+001  9.1492872E-002
-6.8663563E+001 -1.6903943E-002
-6.9006057E+001  1.9117200E-001
-6.9348551E+001  3.0429227E-001
-6.9691046E+001 -4.0811614E-001
