-3.0294047E+001  1.6331029E-001
-3.0636541E+001 -1.2749598E-001
-3.0979036E+001 -3.0831106E-001
-3.1321530E+001 -2.0002637E-001
-3.1664025E+001 -2.7444391E-001
-3.2006519E+001 -2.7135424E-001
-3.2349013E+001 -2.5452588E-001
-3.2691508E+001 -1.4508866E-001
-3.3034002E+001 -3.4452413E-001
-3.3376497E+001 -3.9943037E-001
-3.3718991E+001 -2.5428990E-001
-3.4061485E+001 -1.9962654E-001
-3.4403980E+001 -3.1567059E-001
-3.4746474E+001 -3.9785683E-001
-3.5088969E+001 -3.2117972E-001
-3.5431463E+001 -2.4102304E-001
-3.5773957E+001 -2.8920007E-001
-3.6116452E+001 -2.3540045E-001
-3.6458946E+001 -3.2531993E-001
-3.6801441E+001 -1.9133185E-001
-3.7143935E+001 -2.3768629E-001
-3.7486429E+001 -2.7456430E-001
-3.7828924E+001 -1.6785357E-001
-3.8171418E+001 -2.1743291E-001
-3.8513913E+001 -2.3451053E-001
-3.8856407E+001 -3.4705517E-001
-3.9198901E+001 -7.4495498E-002
-3.9541396E+001 -2.0177779E-001
-3.9883890E+001 -3.0848305E-001
-4.0226385E+001 -1.1703418E-001
-4.0568879E+001 -2.2596730E-001
-4.0911373E+001 -2.3413435E-001
-4.1253868E+001 -3.6687880E-001
-4.1596362E+001 -3.9551525E-002
-4.1938857E+001 -3.3824202E-001
-4.2281351E+001 -3.8585964E-001
-4.2623845E+001 -9.9646095E-002
-4.2966340E+001 -3.6708960E-001
-4.3308834E+001 -1.9399218E-001
-4.3651329E+001 -1.4566181E-001
-4.3993823E+001 -1.0686275E-001
-4.4336317E+001 -2.6659321E-001
-4.4678812E+001 -1.0769486E-001
-4.5021306E+001 -2.2051325E-001
-4.5363801E+001 -2.0098506E-001
-4.5706295E+001 -5.0477983E-001
-4.6048789E+001 -3.1742148E-002
-4.6391284E+001  4.5180350E-003
-4.6733778E+001 -1.0512446E-001
-4.7076273E+001  1.0368173E-001
-4.7418767E+001  1.7624518E-001
-4.7761261E+001  2.6685228E-001
-4.8103756E+001  1.6876258E-001
-4.8446250E+001  2.5502594E-002
-4.8788745E+001 -1.8395383E-002
-4.9131239E+001  1.7526721E-001
-4.9473733E+001  3.3914651E-001
-4.9816228E+001  2.6244402E-001
-5.0158722E+001  5.0544009E-001
-5.0501217E+001  3.3630379E-001
-5.0843711E+001  3.8951395E-001
-5.1186205E+001  2.4697909E-002
-5.1528700E+001  2.0525899E-002
-5.1871194E+001  1.6637319E-002
-5.2213689E+001 -1.3650398E-001
-5.2556183E+001 -7.8827561E-002
-5.2898677E+001 -2.3310470E-001
-5.3241172E+001 -2.6606174E-001
-5.3583666E+001 -1.6974301E-001
-5.3926161E+001 -7.8721734E-002
-5.4268655E+001 -4.6939990E-002
-5.4611149E+001 -3.3442605E-001
-5.4953644E+001 -1.1133599E-001
-5.5296138E+001 -1.5422436E-001
-5.5638633E+001 -2.4295775E-001
-5.5981127E+001 -3.0733700E-001
-5.6323621E+001 -2.4328734E-001
-5.6666116E+001 -6.3933338E-002
-5.7008610E+001 -3.1843407E-001
-5.7351105E+001 -1.8772235E-001
-5.7693599E+001 -1.9498389E-001
-5.8036093E+001 -3.4216042E-001
-5.8378588E+001 -2.8491656E-001
-5.8721082E+001 -1.5193281E-001
-5.9063577E+001 -1.5941733E-001
-5.9406071E+001 -3.0378086E-001
-5.9748565E+001 -2.7860300E-001
-6.0091060E+001 -2.1166638E-001
-6.0433554E+001 -4.2761393E-001
-6.0776049E+001 -1.6983680E-001
-6.1118543E+001 -2.0326906E-001
-6.1461037E+001 -4.4225822E-002
-6.1803532E+001 -2.2830989E-001
-6.2146026E+001 -2.7272409E-001
-6.2488521E+001 -2.1555226E-001
-6.2831015E+001 -1.3335090E-001
-6.3173509E+001 -1.2355563E-001
-6.3516004E+001 -1.9229025E-001
-6.3858498E+001 -3.6857012E-001
-6.4200993E+001 -2.4905221E-001
-6.4543487E+001 -1.7961385E-001
-6.4885981E+001 -4.1413233E-001
-6.5228476E+001 -2.7002603E-001
-6.5570970E+001 -2.2886155E-001
-6.5913465E+001 -2.9551999E-001
-6.6255959E+001 -1.3740296E-001
-6.6598453E+001 -1.8015744E-001
-6.6940948E+001 -9.2151457E-002
-6.7283442E+001 -4.0386475E-001
-6.7625937E+001 -1.5682682E-001
-6.7968431E+001 -1.7384656E-001
-6.8310925E+001 -1.5128401E-001
-6.8653420E+001 -8.7133554E-002
-6.8995914E+001 -1.7337629E-001
-6.9338409E+001 -4.2155123E-001
-6.9680903E+001 -2.7690124E-001
-7.0023397E+001 -3.2847116E-001
-7.0365892E+001 -2.9908159E-001
-7.0708386E+001 -3.0011480E-001
-7.1050881E+001 -2.3049550E-001
-7.1393375E+001  8.7782306E-002
-7.1735869E+001 -2.5112768E-001
-7.2078364E+001 -1.4960268E-001
-7.2420858E+001 -1.2433668E-001
-7.2763353E+001 -1.3356899E-001
-7.3105847E+001 -2.3694201E-001
-7.3448341E+001 -1.1976604E-001
-7.3790836E+001  2.0225122E-002
