 7.8115552E+001  2.5703880E-001
 7.7773058E+001 -1.4550682E-001
 7.7430563E+001  8.9973789E-002
 7.7088069E+001 -2.2957280E-001
 7.6745575E+001  1.9180696E-001
 7.6403080E+001  5.9076874E-002
 7.6060586E+001 -3.9921967E-002
 7.5718091E+001 -7.9864058E-002
 7.5375597E+001 -2.4537674E-001
 7.5033103E+001  3.7507248E-002
 7.4690608E+001  1.8980662E-001
 7.4348114E+001  1.8715990E-001
 7.4005619E+001 -1.9361010E-001
 7.3663125E+001 -2.5720052E-002
 7.3320631E+001  9.6231256E-002
 7.2978136E+001  1.6153508E-001
 7.2635642E+001 -2.0216282E-002
 7.2293147E+001 -3.3908121E-002
 7.1950653E+001 -2.2096489E-001
 7.1608159E+001 -1.6818165E-001
 7.1265664E+001 -2.1037376E-001
 7.0923170E+001  1.5832214E-001
 7.0580675E+001 -1.7175339E-001
 7.0238181E+001  2.3448177E-001
 6.9895687E+001  1.7061220E-001
 6.9553192E+001 -1.1316361E-001
 6.9210698E+001  1.6959363E-001
 6.8868203E+001 -6.7824632E-002
 6.8525709E+001 -2.0259304E-001
 6.8183215E+001  6.1405183E-002
 6.7840720E+001  6.3203446E-002
 6.7498226E+001 -2.0249278E-002
 6.7155731E+001 -8.0360711E-002
 6.6813237E+001  7.5027379E-002
 6.6470743E+001  8.5177752E-002
 6.6128248E+001 -1.7748308E-001
 6.5785754E+001  7.4187425E-002
 6.5443259E+001 -2.3884856E-001
 6.5100765E+001  8.8224307E-002
 6.4758271E+001  4.4467142E-001
 6.4415776E+001  2.2945976E-002
 6.4073282E+001  5.7907414E-002
 6.3730787E+001 -3.0399413E-002
 6.3388293E+001 -9.7526496E-003
 6.3045799E+001  1.2806900E-001
 6.2703304E+001  1.5973237E-001
 6.2360810E+001  4.7462030E-002
 6.2018315E+001  9.7558608E-002
 6.1675821E+001  1.0340289E-001
 6.1333327E+001 -1.3562375E-001
 6.0990832E+001  1.2361944E-001
 6.0648338E+001  1.4885850E-001
 6.0305843E+001 -1.2893562E-001
 5.9963349E+001  4.0686383E-001
 5.9620855E+001  1.2620250E-001
 5.9278360E+001  3.4921974E-001
 5.8935866E+001  5.1661852E-001
 5.8593371E+001  3.0819034E-001
 5.8250877E+001  5.6183953E-001
 5.7908383E+001  5.1281283E-001
 5.7565888E+001  4.0107604E-001
 5.7223394E+001  3.4806012E-001
 5.6880899E+001  4.4539781E-001
 5.6538405E+001  1.5149924E-001
 5.6195911E+001  3.5457956E-002
 5.5853416E+001  2.5933751E-001
 5.5510922E+001  2.5757847E-001
 5.5168427E+001 -2.3625555E-002
 5.4825933E+001 -3.8920557E-001
 5.4483439E+001  2.3026092E-002
 5.4140944E+001  2.7632746E-002
 5.3798450E+001 -1.2392901E-001
 5.3455955E+001  4.1676438E-002
 5.3113461E+001  2.4162574E-001
 5.2770967E+001 -2.1686868E-002
 5.2428472E+001 -1.2806908E-001
 5.2085978E+001  1.2873035E-001
 5.1743483E+001 -8.1092867E-002
 5.1400989E+001  1.7570774E-001
 5.1058495E+001  1.3033116E-002
 5.0716000E+001  2.3162179E-001
 5.0373506E+001 -1.2707509E-001
 5.0031011E+001 -2.6459113E-001
 4.9688517E+001  3.9997317E-002
 4.9346023E+001  9.4920865E-002
 4.9003528E+001 -1.4885822E-001
 4.8661034E+001  1.6879838E-001
 4.8318539E+001  4.5699450E-002
 4.7976045E+001  1.3559914E-001
 4.7633551E+001  1.1598724E-002
 4.7291056E+001  1.7845990E-001
 4.6948562E+001  1.9849251E-001
 4.6606067E+001  1.5694150E-001
 4.6263573E+001  3.3063310E-001
 4.5921079E+001 -3.1842777E-002
 4.5578584E+001  4.1320297E-002
 4.5236090E+001  1.5115534E-001
 4.4893595E+001  1.9220093E-001
 4.4551101E+001 -1.3228213E-001
 4.4208607E+001 -1.3615280E-001
 4.3866112E+001  2.4249742E-001
 4.3523618E+001 -4.4897813E-001
 4.3181123E+001  3.4873645E-001
 4.2838629E+001  2.1798281E-001
 4.2496135E+001 -3.5197294E-001
 4.2153640E+001 -7.7046051E-002
 4.1811146E+001 -2.8742562E-001
 4.1468651E+001  9.9687174E-002
 4.1126157E+001  6.7505900E-002
 4.0783663E+001  1.6479413E-001
 4.0441168E+001 -7.8508752E-002
 4.0098674E+001  3.8061504E-002
 3.9756179E+001  2.1908713E-001
 3.9413685E+001 -2.8065532E-002
 3.9071191E+001 -2.9164429E-002
 3.8728696E+001 -8.9100900E-002
 3.8386202E+001  1.9081629E-001
 3.8043707E+001  7.8049248E-002
 3.7701213E+001  1.1822653E-001
 3.7358719E+001 -1.2479571E-001
 3.7016224E+001 -9.3929679E-002
 3.6673730E+001 -3.2872983E-001
 3.6331235E+001  2.3621393E-002
 3.5988741E+001 -1.0924782E-001
 3.5646247E+001  1.8862191E-001
 3.5303752E+001  1.2852473E-001
 3.4961258E+001 -2.9464876E-002
 3.4618763E+001  2.0008275E-001
