 2.4505710E+001  1.0284811E-001
 2.4163216E+001  1.1095143E-001
 2.3820721E+001 -4.9390238E-002
 2.3478227E+001 -1.8157652E-002
 2.3135733E+001 -2.5543419E-001
 2.2793238E+001 -1.5546206E-001
 2.2450744E+001 -1.4365385E-001
 2.2108249E+001  5.3728421E-002
 2.1765755E+001 -1.3688120E-001
 2.1423261E+001 -7.5188564E-002
 2.1080766E+001  1.0606711E-001
 2.0738272E+001  5.0099464E-002
 2.0395777E+001 -1.6966877E-001
 2.0053283E+001  7.2075078E-002
 1.9710789E+001 -4.5483156E-002
 1.9368294E+001 -1.5684597E-001
 1.9025800E+001 -1.0387071E-001
 1.8683305E+001 -9.0905140E-002
 1.8340811E+001 -4.8443809E-002
 1.7998317E+001 -4.6529755E-002
 1.7655822E+001  3.0983103E-002
 1.7313328E+001 -4.6812474E-002
 1.6970833E+001 -2.9522653E-002
 1.6628339E+001  4.9680853E-002
 1.6285845E+001 -8.7510411E-002
 1.5943350E+001  7.2551059E-002
 1.5600856E+001 -4.0563070E-003
 1.5258361E+001 -5.4057003E-002
 1.4915867E+001 -1.8556795E-001
 1.4573373E+001 -5.5824154E-002
 1.4230878E+001 -1.2033450E-001
 1.3888384E+001  3.5321793E-002
 1.3545889E+001 -3.7698557E-002
 1.3203395E+001  1.7195478E-001
 1.2860901E+001  1.9811761E-003
 1.2518406E+001 -5.2707044E-002
 1.2175912E+001 -4.6074117E-002
 1.1833417E+001  2.7666408E-002
 1.1490923E+001 -2.2597783E-002
 1.1148429E+001  1.5103474E-002
 1.0805934E+001 -1.2491722E-001
 1.0463440E+001  5.1821012E-003
 1.0120945E+001  1.5314974E-001
 9.7784514E+000 -1.9156883E-002
 9.4359570E+000 -1.3724339E-003
 9.0934626E+000 -3.6673241E-003
 8.7509682E+000 -3.1477675E-002
 8.4084738E+000 -1.1962386E-001
 8.0659794E+000 -1.6017495E-001
 7.7234850E+000 -3.0466921E-002
 7.3809906E+000  9.1295716E-002
 7.0384962E+000 -2.6393193E-003
 6.6960018E+000  7.1015021E-002
 6.3535074E+000 -1.8680690E-002
 6.0110130E+000  1.2150264E-001
 5.6685186E+000 -2.2152637E-002
 5.3260242E+000  1.8047940E-001
 4.9835298E+000  2.2131283E-001
 4.6410354E+000  3.7950178E-001
 4.2985410E+000  4.5545315E-001
 3.9560466E+000  5.9958941E-001
 3.6135522E+000  6.9328060E-001
 3.2710578E+000  9.1961478E-001
 2.9285634E+000  1.0932368E+000
 2.5860690E+000  9.8286437E-001
 2.2435746E+000  8.4210009E-001
 1.9010802E+000  7.4583409E-001
 1.5585858E+000  6.8217715E-001
 1.2160914E+000  3.4693496E-001
 8.7359700E-001  3.0631720E-001
 5.3110260E-001  2.0398507E-001
 1.8860820E-001  1.7167200E-001
-1.5388620E-001  1.2649328E-001
-4.9638060E-001  3.9049366E-002
-8.3887500E-001 -2.3859690E-002
-1.1813694E+000 -4.9153201E-002
-1.5238638E+000  6.5117216E-002
-1.8663582E+000  7.9613950E-003
-2.2088526E+000 -1.1983295E-001
-2.5513470E+000 -6.4933686E-004
-2.8938414E+000 -1.2902265E-001
-3.2363358E+000 -5.7467932E-002
-3.5788302E+000  8.0543626E-002
-3.9213246E+000  2.8552308E-002
-4.2638190E+000 -2.1682683E-002
-4.6063134E+000  2.2536071E-002
-4.9488078E+000 -1.0707802E-001
-5.2913022E+000 -6.1022066E-002
-5.6337966E+000 -1.3976004E-001
-5.9762910E+000 -6.7662987E-002
-6.3187854E+000  8.1335860E-002
-6.6612798E+000  4.6708937E-002
-7.0037742E+000  8.4305403E-004
-7.3462686E+000 -1.9425623E-001
-7.6887630E+000 -2.5287648E-002
-8.0312574E+000  3.8143489E-003
-8.3737518E+000  4.1272290E-003
-8.7162462E+000  5.6008441E-002
-9.0587406E+000 -6.4443516E-002
-9.4012350E+000  6.6971383E-002
-9.7437294E+000  2.3060032E-002
-1.0086223E+001 -5.5738213E-002
-1.0428718E+001 -5.0318444E-002
-1.0771212E+001 -1.9155111E-001
-1.1113707E+001  1.0787947E-001
-1.1456201E+001 -9.4722848E-002
-1.1798695E+001  1.7138733E-002
-1.2141190E+001  9.5681205E-002
-1.2483684E+001  1.5213177E-001
-1.2826179E+001 -1.3906705E-002
-1.3168673E+001 -6.0077623E-002
-1.3511167E+001 -1.1243757E-001
-1.3853662E+001 -6.3434862E-002
-1.4196156E+001 -3.2059612E-002
-1.4538651E+001 -1.3815068E-002
-1.4881145E+001 -1.3255926E-001
-1.5223639E+001 -5.3250409E-002
-1.5566134E+001 -1.1518964E-002
-1.5908628E+001 -1.7532307E-001
-1.6251123E+001  1.3991484E-001
-1.6593617E+001 -4.4541527E-002
-1.6936111E+001 -1.2659798E-001
-1.7278606E+001 -1.8672059E-002
-1.7621100E+001 -3.1710159E-002
-1.7963595E+001 -6.2869151E-002
-1.8306089E+001 -5.3257323E-003
-1.8648583E+001 -6.6342211E-002
-1.8991078E+001  8.9984381E-002
