 3.1775652E+001 -4.4886002E-002
 3.1433158E+001 -1.1656666E-002
 3.1090663E+001 -5.1976641E-002
 3.0748169E+001  6.2636264E-002
 3.0405675E+001 -1.0581915E-001
 3.0063180E+001 -1.9036062E-002
 2.9720686E+001 -8.3782495E-002
 2.9378191E+001 -7.8513275E-002
 2.9035697E+001 -6.9334000E-003
 2.8693203E+001 -7.3407267E-002
 2.8350708E+001  5.0224182E-002
 2.8008214E+001 -8.5437460E-002
 2.7665719E+001  7.9559019E-002
 2.7323225E+001 -3.1784684E-002
 2.6980731E+001  6.5274358E-002
 2.6638236E+001  4.8966494E-002
 2.6295742E+001  1.7303471E-002
 2.5953247E+001 -9.2919778E-003
 2.5610753E+001 -4.2236396E-002
 2.5268259E+001 -2.0653480E-002
 2.4925764E+001 -5.3162680E-002
 2.4583270E+001 -1.0531871E-001
 2.4240775E+001  6.1583825E-003
 2.3898281E+001 -9.6464781E-002
 2.3555787E+001 -3.7964848E-002
 2.3213292E+001 -8.7577081E-002
 2.2870798E+001  5.5628186E-002
 2.2528303E+001 -5.9436086E-003
 2.2185809E+001 -7.0572458E-002
 2.1843315E+001 -1.5554347E-002
 2.1500820E+001 -6.6813495E-002
 2.1158326E+001  6.2141685E-002
 2.0815831E+001  4.4250567E-002
 2.0473337E+001  8.3988017E-002
 2.0130843E+001 -7.6715141E-002
 1.9788348E+001  3.9786922E-002
 1.9445854E+001 -6.6891535E-003
 1.9103359E+001  7.1642450E-002
 1.8760865E+001  1.8395401E-002
 1.8418371E+001 -9.6425435E-002
 1.8075876E+001  5.0328355E-002
 1.7733382E+001  3.3773884E-002
 1.7390887E+001 -2.6360736E-002
 1.7048393E+001  2.0174457E-001
 1.6705899E+001  6.7182336E-002
 1.6363404E+001  1.7066872E-001
 1.6020910E+001  1.1587402E-001
 1.5678415E+001  1.0975058E-001
 1.5335921E+001  9.3920679E-002
 1.4993427E+001  1.0345405E-001
 1.4650932E+001  1.4562965E-001
 1.4308438E+001  2.0606343E-001
 1.3965943E+001  2.2740125E-001
 1.3623449E+001  2.0806846E-001
 1.3280955E+001  9.3548871E-002
 1.2938460E+001  1.7637417E-001
 1.2595966E+001  3.3850762E-001
 1.2253471E+001  3.4071842E-001
 1.1910977E+001  3.0106039E-001
 1.1568483E+001  3.5782689E-001
 1.1225988E+001  2.4847439E-001
 1.0883494E+001  2.5004784E-001
 1.0540999E+001  3.1438282E-001
 1.0198505E+001  3.3593153E-001
 9.8560110E+000  4.2669418E-001
 9.5135166E+000  5.3950774E-001
 9.1710222E+000  5.5350779E-001
 8.8285278E+000  3.8043024E-001
 8.4860334E+000  2.5472029E-001
 8.1435390E+000  9.7823130E-002
 7.8010446E+000  1.8429662E-001
 7.4585502E+000  1.5793226E-001
 7.1160558E+000  1.0070194E-001
 6.7735614E+000  3.9698735E-002
 6.4310670E+000 -1.6630758E-002
 6.0885726E+000  3.9517999E-002
 5.7460782E+000  7.9465588E-002
 5.4035838E+000  1.8636850E-001
 5.0610894E+000  3.0481950E-002
 4.7185950E+000  1.3806360E-004
 4.3761006E+000  5.6029779E-002
 4.0336062E+000 -9.8174404E-002
 3.6911118E+000  2.9150119E-002
 3.3486174E+000 -1.7192261E-002
 3.0061230E+000  3.2981547E-002
 2.6636286E+000 -6.0397532E-002
 2.3211342E+000 -3.7356741E-002
 1.9786398E+000 -8.3782020E-002
 1.6361454E+000 -1.6157807E-001
 1.2936510E+000  2.9255624E-002
 9.5115660E-001 -6.8965880E-002
 6.0866220E-001  4.8793034E-002
 2.6616780E-001  6.2428839E-002
-7.6326599E-002 -9.7154289E-003
-4.1882099E-001 -3.9733151E-002
-7.6131539E-001  8.3609140E-003
-1.1038098E+000 -8.8830815E-003
-1.4463042E+000  1.1559290E-003
-1.7887986E+000 -3.5409286E-002
-2.1312930E+000 -2.5373713E-002
-2.4737874E+000 -5.1325319E-002
-2.8162818E+000 -1.8229767E-002
-3.1587762E+000 -6.5964227E-002
-3.5012706E+000  4.6863399E-002
-3.8437650E+000  2.9109467E-002
-4.1862594E+000 -1.3565717E-002
-4.5287538E+000 -1.2362899E-002
-4.8712482E+000 -3.3346453E-002
-5.2137426E+000 -2.9778119E-002
-5.5562370E+000 -1.2387595E-001
-5.8987314E+000  2.3787567E-002
-6.2412258E+000 -6.9497110E-002
-6.5837202E+000 -6.1470170E-002
-6.9262146E+000  1.9839237E-002
-7.2687090E+000  1.0225581E-001
-7.6112034E+000 -1.3689164E-001
-7.9536978E+000 -1.7653042E-002
-8.2961922E+000 -4.4085976E-002
-8.6386866E+000 -1.4781107E-002
-8.9811810E+000  1.1109681E-002
-9.3236754E+000 -5.2274415E-002
-9.6661698E+000 -1.9217041E-002
-1.0008664E+001 -2.9531230E-002
-1.0351158E+001  3.3190995E-002
-1.0693653E+001 -2.2038415E-002
-1.1036147E+001  1.0233394E-001
-1.1378641E+001  3.6943927E-002
-1.1721136E+001 -7.1313603E-002
