13	18592+0108	35.20-1.74	190	2006	19	1	46.95	1	13	7.56	45.75	44.87	2.90	11.00	1?	0.32	41.68	3.70	0.68	0.252	0.535	1.202	1.41E-011	2.02E-010	2.01E+000	1.40E-001	1.17E-001	8.12E-003	42.60	595.00	536.4		43.60	1.83	5.10	43.10	9.10	0.70	6.30	-	-	-	-	
12	18556+0136	35.20-0.74	191	2006	18	58	13.13	1	40	34.50	40.46	40.48	2.00	11.90	1?	0.64	34.63	6.21	-3.16	0.376	1.797	2.669	2.49E-011	8.80E-010	4.08E-001	1.15E-002	1.78E-002	5.03E-004	37.90	64.00	91.8		-	-	-	-	-	-	-	-	-	-	-	
14	19012+0505	38.91-0.35	205	2008	19	3	40	5	9	29	44.73	44.03	2.30	11.00	1	0.40	39.04	3.47	1.17	0.236	0.627	1.532	1.06E-011	2.42E-010	9.63E-002	4.21E-003	3.24E-003	1.42E-004	32.3	5.4	3.9													
15	19078+0901	43.15+0.02	215	2008	19	10	15.31	9	6	8.45	53.38	51.21	0.90	11.50	1	0.50	7.61	13.48	-0.20	0.140	3.047	1.643	6.75E-012	1.10E-009	2.44E+000	1.49E-002	3.54E-002	2.17E-004	9.10	31.00	87.1		2.90	2.84	8.60	2.80	7.30	1.10	8.80					
16	19110+1045	45.07+0.13	218	2007	19	13	21.95	10	50	52.48	52.71	50.65	4.70	7.30	1	0.41	60.04	5.39	0.41	0.269	0.999	1.362	6.10E-011	1.47E-010	4.88E-001	2.02E-001	3.71E-002	1.54E-002	58.00	33.00	21.8		-	-	-	-	-	-	-	-	-	-	-	
17	19117+1107	45.49+0.13	221	2007	19	14	11.25	11	13	6.91	56.46	53.76	4.60	7.30	1	0.25	61.67	4.38	-0.01	0.129	0.495	0.782	2.73E-011	6.87E-011	2.80E-001	1.11E-001	1.72E-002	6.82E-003	57.20	13.40	21.8													
19	19213+1424	49.47-0.37	224	2007	19	23	38.26	14	30	9.01	42.66	42.31	5.50	5.50	1	1.08	61.70	10.29	-0.03	0.540	5.024	4.306	5.03E-010	5.03E-010	6.76E-001	6.76E-001	1.09E-001	1.09E-001	64.00	12.00														
20	19213+1424	49.49-0.39	225	2007	19	23	43.35	14	30	35.36	46.92	45.84	5.50	5.50	1	1.15	60.81	8.39	0.08	0.329	4.361	4.226	4.03E-010	4.03E-010	6.76E-001	6.76E-001	3.44E-002	3.44E-002	59.00	850.00														
18	19211+1432	49.55-0.25	226	2006	19	23	27.90	14	38	11.31	46.62	45.59	5.50	5.50	1?	0.45	53.52	4.46	0.40	0.135	0.907	1.663	8.43E-011	8.43E-011	5.58E-003	5.58E-003	5.02E-003	5.02E-003	62.80	29.00	75.9		-	-	-	-	-	-	-	-	-	-	-	
21	19270+1750	53.13+0.08	233	2006	19	29	13.8	17	56	15	55.7	53.13	1.90	8.30	1?	0.97	21.86	3.40	-0.49	0.108	1.491	3.070	1.42E-011	2.71E-010	4.77E-002	2.50E-003	8.39E-003	4.39E-004	23.8	1.9	1.1		-	-	-	-	-	-	-					
22	19282+1814	53.62+0.02	234	2007	19	30	28.05	18	20	52.95	63.90	59.94	1.50	8.60	1	0.39	23.32	1.59	0.20	0.334	0.280	1.092	1.47E-012	4.85E-011	9.61E-002	2.92E-003	1.12E-003	3.41E-005	18.70	6.30	3.0		23.60	0.78	2.30	-	-	-	-	23.00	3.60	7.50	1.90	
23	20198+3716	75.76+0.34	243	2006	20	21	40.1	37	25	37	64.04	60.05	-	4.9	1?	1.33	-1.05	5.01	2.06	0.368	3.012	3.718	#VALUE!	1.69E-010	2.07E-001	0.00E+000	1.21E-002	0.00E+000	-2.9	39	39.4		-0.40	2.38	5.70	-0.10	8.00	2.50	21.40					
24	20308+4104	79.75+0.99	246	2007	20	30	50.9	41	2	26	63.51	59.61	-	4.2	1	0.14	-1.93	6.05	-0.08	0.140	0.383	0.394	#VALUE!	1.59E-011	1.98E-003	0.00E+000	9.21E-005	0.00E+000	-4	21.2														
26	-	81.72+0.57	248	2008	20	39	0.70	42	22	50.00	50.00	48.40	-	2.90	1	1.45	-3.75	4.25	0.00	0.420	2.786	5.043	#VALUE!	6.78E-011	0.00E+000	0.00E+000	1.54E-003	0.00E+000	0.00	13.00						-	-	-	-					
27	-	81.76+0.59	249	2008	20	39	3.5	42	25	53	54.44	52.09	-	3.10	1	1.41	-3.63	4.06	1.14	0.295	2.588	4.553	#VALUE!	6.69E-011	0.00E+000	0.00E+000	1.59E-003	0.00E+000	-1	39														
25	-	81.87+0.78	250	2008	20	38	36.45	42	37	36.06	52.01	50.07	-	1.2	1	0.91	9.24	4.14	-0.26	0.211	1.703	3.058	#VALUE!	6.86E-012	0.00E+000	0.00E+000	8.46E-004	0.00E+000	6	1080														
28	21381+5000	94.58-1.79	253	2007	21	39	58.94	50	14	23.52	64.00	60.02	5.70	5.70	1	0.47	-44.35	2.84	0.01	0.226	0.603	1.315	4.58E-011	4.58E-011	5.56E-002	5.56E-002	3.71E-002	3.71E-002	-40.90	7.00	10.5		-	-	-	-43.90	6.40	0.30	2.20	-	-	-	-	
29	21413+5442	98.02+1.44	254	2006	21	43	1.35	54	56	16.26	62.50	58.78	7.50	7.50	1?	0.59	-63.47	3.82	-0.02	0.271	1.019	1.686	1.37E-010	1.37E-010	1.36E-001	1.36E-001	2.56E-002	2.56E-002	-61.60	3.30	1.5		-63.90	2.18	3.40	-	-	-	-	-	-	-	-	
30	22272+6358	108.18+5.51	255	2007	22	28	52.24	64	13	43.36	52.00	50.06	1.50	1.50	1	0.56	-10.26	2.24	-0.01	0.188	0.567	1.882	3.57E-012	3.57E-012	1.28E-003	1.28E-003	0.00E+000	0.00E+000	-10.90	91.00	47.4		-	-	-	-10.00	2.50	0.90	2.40	-	-	-	-	
32	22566+5830	108.75-0.96	256	2006	22	58	41.31	58	46	57.12	63.25	59.40	4.90	4.90	1?	0.73	-50.42	3.16	0.00	0.200	1.043	2.064	5.91E-011	5.91E-011	4.96E-002	4.96E-002	3.25E-003	3.25E-003	-45.70	2.80	1.3		-50.30	2.64	3.20	-	-	-	-	-	-	-	-	
31	22543+6145	109.86+2.10	257	2006	22	56	19.14	62	1	57.32	66.00	61.68	0.50	0.50	1?	1.16	-10.66	4.38	0.44	0.239	2.297	3.156	1.30E-012	1.30E-012	4.82E-003	4.82E-003	8.15E-005	8.15E-005	-10.50	815.00	812.5		-11.10	5.05	4.50	-	-	-	-	-	-	-	-	
33	23116+6111	111.53+0.76	260	2008	23	13	44.72	61	28	9.66	63.00	59.19	2.70	2.70	1	2.31	-57.39	4.70	0.06	0.136	4.908	6.553	8.47E-011	8.47E-011	1.23E-001	1.23E-001	2.67E-002	2.67E-002	-56.30	296.00	475.3		-57.20	6.42	4.50	-57.00	5.30	5.40	30.20	-	-	-	-	
1	00338+6312	121.28+0.65	261	2007	0	36	47.50	63	29	2.00	58.56	55.50	2.10	2.10	1	0.77	-17.42	3.78	0.00	0.181	1.316	2.331	1.46E-011	1.46E-011	2.46E-003	2.46E-003	1.16E-004	1.16E-004	-22.40	14.00	7.6		-17.70	3.40	4.20	-	-	-	-					multipeack
2	00494+5617	123.05-6.31	262	2007	0	52	23.70	56	33	45.30	62.50	58.78	2.70	2.70	1	0.52	-30.30	4.62	0.15	0.183	1.086	1.486	1.89E-011	1.89E-011	4.33E-003	4.33E-003	0.00E+000	0.00E+000	-29.10	24.00	19.5		-	-	-	-30.70	5.00	2.30	12.20					
4	02232+6138	133.94+1.04	263	2006	2	27	3.85	61	52	25.42	56.78	54.03	4.50	4.50	1	0.53	-48.07	3.06	-0.19	0.121	0.733	1.649	3.85E-011	3.85E-011	2.65E-001	2.65E-001	1.04E-002	1.04E-002	-44.6	3741	7602.0		-46.40	6.33	5.30									
6	05358+3543	173.49+2.42	265	2006	5	39	10.39	35	45	19.24	63.07	59.25	11.00	11.00	1?	1.44	-17.29	2.32	0.00	0.410	1.510	4.081	4.32E-010	4.32E-010	1.50E-001	1.50E-001	2.57E-003	2.57E-003	-13.60	256.00	198.6		-17.60	3.75	4.00	-17.10	7.70	0.90	7.10	-16.30	6.50	35.90	5.10	
7	05382+3547	173.69+2.87	266	2008	5	41	33.8	35	48	27	59.46	56.25	21.50	21.50	1	0.25	-19.49	2.09	-0.84	0.099	0.236	0.747	2.72E-010	2.72E-010	1.68E-001	1.68E-001	7.57E-003	7.57E-003	-24.1	7.5	3.0													
5	05274+3345	174.19-0.09	268	2006	5	30	45.63	33	47	51.64	64.00	60.02	-	-	1	0.33	2.10	2.29	0.00	0.235	0.342	0.923	#VALUE!	#VALUE!	0.00E+000	0.00E+000	0.00E+000	0.00E+000	2.10	9.40	56.0		-3.50	3.45	3.50	-	-	-	-	-	-	-	-	
10	06061+2151	188.79+1.02	270	2006	6	9	7.81	21	50	38.65	45.50	44.67	-	-	1?	0.76	0.01	2.66	0.47	0.256	0.914	2.868	#VALUE!	#VALUE!	0.00E+000	0.00E+000	0.00E+000	0.00E+000	-5.50	4.80	3.6		-0.70	2.72	3.00	-	-	-	-	-	-	-	-	
9	06056+2131	189.03+0.76	272	2006	6	8	36.10	21	30	28.00		6.90	3.40	3.40	1?	1.54	2.90	2.67	0.20	0.135	1.859		4.36E-010	4.36E-010	3.71E-002	3.71E-002	6.33E-003	6.33E-003	9.20	19.00	11.7		2.50	4.60	3.10									
8	06055+2039	189.78+0.34	273	2007	6	8	32.80	20	39	16.20	54.61	52.23	1.80	1.80	1	0.55	8.83	2.92	0.42	0.120	0.726	1.771	6.31E-012	6.31E-012	5.39E-003	5.39E-003	2.28E-004	2.28E-004	5.50	17.00	10.3		8.80	1.68	3.20	-	-	-	-					
11	06099+1800	192.60-0.05	274	2007	6	12	53.30	17	59	22.08	61.86	58.24	1.10	1.10	1	0.35	6.39	3.12	0.00	0.163	0.494	1.009	1.44E-012	1.44E-012	7.05E-003	7.05E-003	1.75E-003	1.75E-003	5.10	64.00	48.8		-	-	-	7.50	2.80	3.20	9.60					
3	02219+6152  xu(133.72+01.22) -	2007	2	25	41.88	62	6	5.06	50.70	48.98	-	-	1	0.56	-39.60	7.19	-0.14	0.239	1.820	1.924	#VALUE!	#VALUE!					-44.30	5.00			-	-	-	-	-	-	-	-	-	-	-	
