-2.5089931E+001 -2.6060464E-003
-2.4900619E+001 -1.2793062E-002
-2.4711307E+001 -1.3847984E-001
-2.4521995E+001 -1.0320212E-001
-2.4332682E+001  4.3824925E-002
-2.4143370E+001 -5.1350422E-002
-2.3954058E+001 -6.6339023E-002
-2.3764746E+001 -2.8394853E-001
-2.3575434E+001 -2.2965131E-002
-2.3386121E+001 -3.0751650E-002
-2.3196809E+001  5.2657704E-002
-2.3007497E+001 -1.1224715E-001
-2.2818185E+001  8.0637093E-002
-2.2628873E+001  2.7991108E-002
-2.2439560E+001  1.2752517E-001
-2.2250248E+001 -2.7407851E-001
-2.2060936E+001  9.9079258E-002
-2.1871624E+001 -9.4277615E-002
-2.1682312E+001  2.9536324E-002
-2.1492999E+001  8.2855837E-003
-2.1303687E+001  6.8060002E-002
-2.1114375E+001 -1.1542581E-001
-2.0925063E+001 -1.1919839E-002
-2.0735751E+001 -6.8322173E-002
-2.0546438E+001  1.5740502E-001
-2.0357126E+001  1.4678610E-001
-2.0167814E+001  7.7412467E-002
-1.9978502E+001  5.2242536E-002
-1.9789190E+001  4.1270661E-002
-1.9599877E+001 -8.2444459E-002
-1.9410565E+001 -4.7451709E-002
-1.9221253E+001 -2.3704739E-001
-1.9031941E+001  1.1060852E-001
-1.8842629E+001  3.8826894E-002
-1.8653316E+001  1.1990763E-001
-1.8464004E+001  8.3109998E-002
-1.8274692E+001  2.4232752E-001
-1.8085380E+001 -1.1334012E-001
-1.7896068E+001  4.7557785E-002
-1.7706755E+001  4.3021132E-002
-1.7517443E+001 -1.1025472E-001
-1.7328131E+001  1.1150105E-001
-1.7138819E+001  1.4407584E-002
-1.6949507E+001  1.9674645E-002
-1.6760194E+001 -5.6912893E-002
-1.6570882E+001 -8.9951555E-002
-1.6381570E+001  1.3962086E-002
-1.6192258E+001  7.8041479E-002
-1.6002946E+001  2.3242359E-002
-1.5813633E+001 -1.5647089E-001
-1.5624321E+001  1.2170354E-001
-1.5435009E+001 -1.8668921E-001
-1.5245697E+001  1.2299925E-001
-1.5056385E+001 -3.1991423E-002
-1.4867072E+001  5.7963421E-002
-1.4677760E+001 -4.9355687E-002
-1.4488448E+001  5.5857373E-002
-1.4299136E+001 -1.0334707E-001
-1.4109824E+001 -1.8777762E-001
-1.3920511E+001  9.0833839E-002
-1.3731199E+001 -1.2559219E-001
-1.3541887E+001  2.1802275E-001
-1.3352575E+001  4.2564971E-003
-1.3163263E+001  1.5266536E-002
-1.2973950E+001  2.0329961E-001
-1.2784638E+001 -1.2626773E-001
-1.2595326E+001 -5.2262196E-002
-1.2406014E+001 -1.0078928E-002
-1.2216702E+001 -1.6961923E-001
-1.2027389E+001  2.5847535E-001
-1.1838077E+001  1.7874852E-001
-1.1648765E+001 -1.1584312E-001
-1.1459453E+001  2.0873632E-001
-1.1270141E+001  1.8116957E-001
-1.1080828E+001  2.6111426E-002
-1.0891516E+001  7.1251908E-002
-1.0702204E+001  1.9366017E-001
-1.0512892E+001  1.6209954E-001
-1.0323580E+001  4.7360663E-003
-1.0134267E+001  6.7517058E-002
-9.9449557E+000  2.8156209E-002
-9.7556435E+000  8.7621145E-003
-9.5663313E+000  3.5032041E-002
-9.3770191E+000 -2.6526541E-002
-9.1877069E+000 -3.6000706E-002
-8.9983947E+000  3.5599592E-003
-8.8090825E+000 -1.0547912E-001
-8.6197703E+000 -9.7996700E-002
-8.4304581E+000 -4.1865150E-002
-8.2411459E+000 -1.2101897E-001
-8.0518337E+000 -1.0549675E-001
-7.8625215E+000 -2.2014257E-001
-7.6732093E+000  2.9234036E-002
-7.4838971E+000  5.2631485E-002
-7.2945849E+000 -1.3468961E-001
-7.1052727E+000 -6.4753039E-002
-6.9159605E+000  2.4939340E-002
-6.7266483E+000  7.3211377E-002
-6.5373361E+000  5.1750734E-002
-6.3480239E+000  1.8367045E-001
-6.1587117E+000 -1.0738598E-002
-5.9693995E+000  1.2839586E-001
-5.7800873E+000 -2.2513750E-002
-5.5907751E+000  7.1573595E-002
-5.4014629E+000 -1.4212467E-001
-5.2121507E+000 -1.7096047E-001
-5.0228385E+000  5.9397476E-002
-4.8335263E+000 -1.8480232E-001
-4.6442141E+000  1.7613485E-002
-4.4549019E+000 -2.1905687E-002
-4.2655897E+000 -7.3203148E-002
-4.0762775E+000 -8.0712004E-002
-3.8869653E+000  3.2283961E-001
-3.6976531E+000  4.7198767E-002
-3.5083409E+000 -1.7002803E-001
-3.3190287E+000 -1.4364206E-001
-3.1297165E+000  2.2495489E-002
-2.9404043E+000 -6.1430745E-002
-2.7510921E+000 -1.0231943E-001
-2.5617799E+000 -5.1563018E-002
-2.3724677E+000 -2.5883395E-002
-2.1831555E+000 -1.2773936E-001
-1.9938433E+000  1.6893265E-001
-1.8045311E+000  6.9080462E-002
-1.6152189E+000 -2.0110883E-001
-1.4259067E+000  8.8487917E-002
-1.2365945E+000  1.4072673E-001
-1.0472823E+000 -3.5933512E-002
-8.5797015E-001 -9.2292613E-002
-6.6865795E-001 -1.2310822E-001
-4.7934575E-001  4.7398187E-002
-2.9003355E-001 -1.6989326E-001
-1.0072135E-001 -1.4188120E-001
 8.8590850E-002 -2.7960491E-001
 2.7790305E-001  6.9464968E-002
 4.6721525E-001  5.8159330E-002
 6.5652745E-001  6.2654607E-002
 8.4583965E-001  1.9645966E-001
 1.0351518E+000 -6.4117766E-002
 1.2244640E+000  3.3657717E-002
 1.4137762E+000  2.9357960E-001
 1.6030884E+000  1.0875339E-001
 1.7924006E+000  1.7569363E-001
 1.9817128E+000  1.2534409E-001
 2.1710250E+000  4.1927777E-001
 2.3603372E+000  2.9753609E-001
 2.5496494E+000  4.1095716E-001
 2.7389616E+000  2.4554424E-001
 2.9282738E+000  4.3500982E-001
 3.1175860E+000  8.4087666E-002
 3.3068982E+000  4.2847791E-001
 3.4962104E+000  4.6701085E-001
 3.6855226E+000  5.6321196E-001
 3.8748348E+000  6.3632130E-001
 4.0641470E+000  3.6015080E-001
 4.2534592E+000  3.1536643E-001
 4.4427714E+000  2.8404459E-001
 4.6320836E+000  2.9202987E-002
 4.8213958E+000 -4.4762812E-002
 5.0107080E+000  7.6984829E-002
 5.2000202E+000  5.4511515E-002
 5.3893324E+000  1.5775500E-001
 5.5786446E+000 -9.5021282E-002
 5.7679568E+000 -5.8560474E-002
 5.9572690E+000 -6.8987225E-002
 6.1465812E+000 -2.5746877E-001
 6.3358934E+000 -1.0876034E-001
 6.5252056E+000 -1.2193575E-001
 6.7145178E+000 -6.1267435E-002
 6.9038300E+000  9.6662492E-002
 7.0931422E+000  7.0611480E-003
 7.2824544E+000 -1.1545066E-001
 7.4717666E+000 -3.1215066E-002
 7.6610788E+000 -1.8095265E-001
 7.8503910E+000  1.6188123E-001
 8.0397032E+000 -1.0977345E-001
 8.2290154E+000 -8.8923333E-002
 8.4183276E+000  1.0166356E-001
 8.6076398E+000  3.2085423E-001
 8.7969520E+000  5.5035906E-001
 8.9862642E+000  7.2669810E-001
 9.1755764E+000  8.0524495E-001
 9.3648886E+000  5.8633732E-001
 9.5542008E+000  4.1048931E-001
 9.7435130E+000  3.8241040E-001
 9.9328252E+000  1.4228962E-001
 1.0122137E+001  3.2892539E-001
 1.0311449E+001  6.6339219E-001
 1.0500761E+001  1.2051642E+000
 1.0690074E+001  1.6660790E+000
 1.0879386E+001  1.6723618E+000
 1.1068698E+001  1.6686125E+000
 1.1258010E+001  1.4276346E+000
 1.1447322E+001  1.0331548E+000
 1.1636635E+001  8.4308918E-001
 1.1825947E+001  4.4118619E-001
 1.2015259E+001  5.0432573E-001
 1.2204571E+001  3.1482734E-001
 1.2393883E+001  1.4276770E-001
 1.2583196E+001  1.7838357E-001
 1.2772508E+001 -1.4029879E-001
 1.2961820E+001  1.2295792E-002
 1.3151132E+001 -4.4273891E-002
 1.3340444E+001  8.5210944E-003
 1.3529757E+001  3.1686348E-001
 1.3719069E+001  1.5741089E-001
 1.3908381E+001  5.3534257E-001
 1.4097693E+001  2.8292724E-001
 1.4287005E+001  1.8582047E-001
 1.4476318E+001  2.0795840E-001
 1.4665630E+001  1.9549535E-001
 1.4854942E+001  1.4132295E-001
 1.5044254E+001  3.8288863E-001
 1.5233566E+001  4.4556877E-001
 1.5422879E+001  5.7994890E-001
 1.5612191E+001  8.6535852E-001
 1.5801503E+001  7.6975922E-001
 1.5990815E+001  9.4148851E-001
 1.6180127E+001  5.1720851E-001
 1.6369440E+001  3.8651230E-001
 1.6558752E+001  3.8276045E-001
 1.6748064E+001  4.3955956E-001
 1.6937376E+001  3.0674743E-001
 1.7126688E+001  2.6530223E-001
 1.7316001E+001 -4.4538642E-002
 1.7505313E+001 -4.0285961E-002
 1.7694625E+001  1.3301651E-001
 1.7883937E+001  3.3374879E-001
 1.8073249E+001 -9.6338808E-002
 1.8262562E+001 -1.3197070E-002
 1.8451874E+001  9.9767445E-002
 1.8641186E+001 -9.8811258E-002
 1.8830498E+001 -1.6119550E-001
 1.9019810E+001 -1.0526849E-001
 1.9209123E+001 -3.4384072E-002
 1.9398435E+001  1.2632575E-001
 1.9587747E+001 -1.8256002E-002
 1.9777059E+001 -3.1806987E-002
 1.9966371E+001 -1.2045994E-001
 2.0155684E+001 -9.0974923E-002
 2.0344996E+001  1.0488806E-002
 2.0534308E+001  2.9886596E-002
 2.0723620E+001 -9.8136216E-002
 2.0912932E+001  1.8170225E-001
 2.1102245E+001 -1.3132999E-001
 2.1291557E+001  4.7757746E-002
 2.1480869E+001  1.0848351E-001
 2.1670181E+001 -7.1264575E-002
 2.1859493E+001  1.0183046E-001
 2.2048806E+001 -1.5622813E-001
 2.2238118E+001  3.5083627E-002
 2.2427430E+001 -1.0231062E-002
 2.2616742E+001  5.8945103E-002
 2.2806054E+001  2.2391949E-002
 2.2995367E+001  1.5053921E-001
 2.3184679E+001  2.1003379E-002
