-2.2727174E+001 -8.2064594E-002
-2.2535810E+001 -1.2596214E-001
-2.2344446E+001  2.4770722E-001
-2.2153083E+001  2.3193756E-001
-2.1961719E+001 -1.7449656E-001
-2.1770355E+001  3.0546958E-001
-2.1578991E+001 -3.2753067E-001
-2.1387628E+001 -1.7522419E-001
-2.1196264E+001  5.5546382E-003
-2.1004900E+001  1.8514819E-001
-2.0813537E+001  2.1700795E-001
-2.0622173E+001 -6.8013397E-002
-2.0430809E+001 -4.1795960E-002
-2.0239446E+001  3.5683994E-003
-2.0048082E+001 -4.5956328E-002
-1.9856718E+001 -8.7731738E-002
-1.9665355E+001 -3.2914686E-002
-1.9473991E+001  1.4194093E-001
-1.9282627E+001  1.9865345E-001
-1.9091263E+001  2.1833736E-001
-1.8899900E+001 -1.4685993E-001
-1.8708536E+001 -7.2849132E-002
-1.8517172E+001 -5.6344361E-002
-1.8325809E+001 -1.1264112E-001
-1.8134445E+001 -8.4917733E-002
-1.7943081E+001  4.8807766E-002
-1.7751718E+001 -6.0077700E-002
-1.7560354E+001 -2.3537275E-003
-1.7368990E+001  4.0793246E-001
-1.7177626E+001  2.0169879E-001
-1.6986263E+001 -1.1217242E-001
-1.6794899E+001 -6.9121181E-002
-1.6603535E+001 -7.2662589E-002
-1.6412172E+001  3.9489707E-001
-1.6220808E+001  3.2329476E-001
-1.6029444E+001 -2.8938218E-001
-1.5838081E+001  8.9536343E-002
-1.5646717E+001  3.5036254E-001
-1.5455353E+001 -1.0273411E-001
-1.5263990E+001 -6.5749884E-002
-1.5072626E+001  1.3096980E-001
-1.4881262E+001 -5.0292504E-002
-1.4689898E+001  2.1940231E-001
-1.4498535E+001  1.0172773E-001
-1.4307171E+001  4.7359038E-001
-1.4115807E+001  3.2727998E-001
-1.3924444E+001  7.1003730E-001
-1.3733080E+001  2.5332004E-001
-1.3541716E+001  6.8396121E-001
-1.3350353E+001  3.8563607E-001
-1.3158989E+001  4.2557994E-001
-1.2967625E+001  5.0929498E-001
-1.2776262E+001  5.1929755E-001
-1.2584898E+001  1.0230953E+000
-1.2393534E+001  1.3172628E+000
-1.2202170E+001  5.0987549E-001
-1.2010807E+001  9.6317908E-001
-1.1819443E+001  1.0775003E+000
-1.1628079E+001  1.1299704E+000
-1.1436716E+001  9.7382342E-001
-1.1245352E+001  1.0163401E+000
-1.1053988E+001  8.6404244E-001
-1.0862625E+001  1.5308411E+000
-1.0671261E+001  1.3697193E+000
-1.0479897E+001  1.0621315E+000
-1.0288533E+001  9.7890494E-001
-1.0097170E+001  6.5740608E-001
-9.9058066E+000  9.0544455E-001
-9.7144429E+000  1.4813295E+000
-9.5230792E+000  1.0152926E+000
-9.3317155E+000  1.0975749E+000
-9.1403518E+000  1.4882718E+000
-8.9489881E+000  1.0685390E+000
-8.7576244E+000  1.0442765E+000
-8.5662607E+000  4.0173691E-001
-8.3748970E+000  4.5578976E-001
-8.1835333E+000  2.1323004E-001
-7.9921696E+000  4.1187467E-001
-7.8008059E+000 -2.9223309E-001
-7.6094422E+000  2.8777742E-001
-7.4180785E+000  3.7905231E-001
-7.2267148E+000  1.8734286E-001
-7.0353511E+000  9.6929007E-002
-6.8439875E+000  1.1018149E-001
-6.6526238E+000 -3.3679465E-002
-6.4612601E+000  1.8623769E-002
-6.2698964E+000  3.8010815E-001
-6.0785327E+000  2.2710382E-001
-5.8871690E+000  2.7940117E-001
-5.6958053E+000 -1.5115937E-001
-5.5044416E+000 -1.1516304E-001
-5.3130779E+000 -1.3812555E-002
-5.1217142E+000 -8.0934944E-002
-4.9303505E+000  1.2802728E-001
-4.7389868E+000 -1.0091847E-001
-4.5476231E+000  9.2766551E-002
-4.3562594E+000 -3.4634334E-002
-4.1648957E+000  1.1314882E-001
-3.9735320E+000 -7.2510725E-002
-3.7821683E+000  9.8304041E-002
-3.5908046E+000  1.5378834E-002
-3.3994410E+000 -9.3791791E-002
-3.2080773E+000  4.6553709E-001
-3.0167136E+000 -8.6199370E-002
-2.8253499E+000  1.3980342E-001
-2.6339862E+000  2.1341361E-001
-2.4426225E+000 -2.2750705E-001
-2.2512588E+000 -1.5134445E-001
-2.0598951E+000  2.6488301E-001
-1.8685314E+000  3.3707487E-002
-1.6771677E+000 -1.4545110E-001
-1.4858040E+000  4.4943962E-005
-1.2944403E+000  1.2846827E-001
-1.1030766E+000  3.4794367E-001
-9.1171297E-001 -2.0248780E-002
-7.2034928E-001 -7.8928902E-002
-5.2898559E-001  2.9264177E-001
-3.3762189E-001  2.9415641E-003
-1.4625820E-001  1.2007997E-001
 4.5105491E-002  4.0243920E-001
 2.3646918E-001  2.1494819E-001
 4.2783287E-001  1.4297946E-001
 6.1919657E-001  3.1604419E-001
 8.1056026E-001 -9.2793167E-002
 1.0019239E+000 -2.4182379E-001
 1.1932876E+000  1.5710854E-001
 1.3846513E+000  3.2379130E-001
 1.5760150E+000  1.4690605E-001
