-3.4594407E+001  2.1890686E-001
-3.4936901E+001 -1.2653659E-001
-3.5279396E+001  9.6142675E-002
-3.5621890E+001  2.3909709E-001
-3.5964385E+001 -3.2179930E-001
-3.6306879E+001 -1.5324767E-001
-3.6649373E+001  4.2678444E-002
-3.6991868E+001 -1.4079089E-001
-3.7334362E+001 -9.0871675E-002
-3.7676857E+001 -1.2894694E-002
-3.8019351E+001 -3.8485046E-002
-3.8361845E+001  8.2747210E-002
-3.8704340E+001  3.2105552E-002
-3.9046834E+001  1.8624508E-002
-3.9389329E+001 -1.9331724E-001
-3.9731823E+001  1.2016731E-001
-4.0074317E+001 -1.2467512E-001
-4.0416812E+001  3.8851445E-002
-4.0759306E+001 -1.4178928E-001
-4.1101801E+001 -1.2112439E-001
-4.1444295E+001  1.5306297E-001
-4.1786789E+001 -2.2984614E-001
-4.2129284E+001 -1.0365442E-001
-4.2471778E+001 -4.5648912E-002
-4.2814273E+001 -2.5455999E-001
-4.3156767E+001  6.3937763E-002
-4.3499261E+001 -2.0297091E-001
-4.3841756E+001  1.4856908E-001
-4.4184250E+001  1.3336263E-001
-4.4526745E+001  5.2993206E-002
-4.4869239E+001 -2.1985953E-001
-4.5211733E+001 -1.5293884E-001
-4.5554228E+001  8.0407402E-002
-4.5896722E+001 -6.1194927E-002
-4.6239217E+001  9.7097549E-002
-4.6581711E+001  1.4919706E-001
-4.6924205E+001  1.8735769E-002
-4.7266700E+001  1.0086576E-001
-4.7609194E+001  4.1264624E-002
-4.7951689E+001  8.6265813E-002
-4.8294183E+001  1.3825803E-001
-4.8636677E+001  8.1212782E-002
-4.8979172E+001  1.8450088E-001
-4.9321666E+001  2.1407683E-001
-4.9664161E+001 -1.5086799E-002
-5.0006655E+001 -1.7125317E-003
-5.0349149E+001  2.5966214E-001
-5.0691644E+001  9.4917755E-002
-5.1034138E+001  3.4382485E-001
-5.1376633E+001  2.4557448E-001
-5.1719127E+001  2.8307548E-001
-5.2061621E+001  6.7233864E-001
-5.2404116E+001  7.0190947E-001
-5.2746610E+001  2.2634921E-001
-5.3089105E+001  3.9114962E-001
-5.3431599E+001  4.9955722E-001
-5.3774093E+001  6.4091258E-001
-5.4116588E+001  8.5914187E-001
-5.4459082E+001  1.1327178E+000
-5.4801577E+001  1.3644418E+000
-5.5144071E+001  1.5027915E+000
-5.5486565E+001  1.9657624E+000
-5.5829060E+001  2.2143338E+000
-5.6171554E+001  2.1322643E+000
-5.6514049E+001  2.3097594E+000
-5.6856543E+001  2.2624961E+000
-5.7199037E+001  2.5250790E+000
-5.7541532E+001  2.3440680E+000
-5.7884026E+001  2.1509381E+000
-5.8226521E+001  2.1586244E+000
-5.8569015E+001  1.8387575E+000
-5.8911509E+001  1.6167593E+000
-5.9254004E+001  1.0852149E+000
-5.9596498E+001  7.6338361E-001
-5.9938993E+001  8.0418461E-001
-6.0281487E+001  3.8437483E-001
-6.0623981E+001  3.6169536E-001
-6.0966476E+001  3.0777392E-001
-6.1308970E+001  3.5118120E-001
-6.1651465E+001  1.5559493E-001
-6.1993959E+001 -9.6057107E-003
-6.2336453E+001  2.5781820E-001
-6.2678948E+001  3.0424662E-001
-6.3021442E+001 -3.1487703E-002
-6.3363937E+001  1.2254906E-001
-6.3706431E+001  8.9466329E-002
-6.4048925E+001 -2.1046559E-002
-6.4391420E+001 -1.1943829E-001
-6.4733914E+001  4.7719854E-002
-6.5076409E+001 -2.3717471E-002
-6.5418903E+001 -1.5636540E-001
-6.5761397E+001  2.8645539E-001
-6.6103892E+001  3.3904270E-002
-6.6446386E+001 -3.4507277E-002
-6.6788881E+001  1.9230098E-001
-6.7131375E+001  2.3464000E-001
-6.7473869E+001 -2.0839868E-001
-6.7816364E+001  1.7499838E-001
-6.8158858E+001  6.8788920E-002
-6.8501353E+001 -1.7287924E-001
-6.8843847E+001  3.7245065E-002
-6.9186341E+001  2.4783574E-002
-6.9528836E+001  2.4671951E-001
-6.9871330E+001  2.0831397E-002
-7.0213825E+001 -1.0642976E-001
-7.0556319E+001  6.5786495E-002
-7.0898813E+001 -2.7823651E-002
-7.1241308E+001  1.8758031E-001
-7.1583802E+001 -2.5869876E-001
-7.1926297E+001 -8.2368467E-002
-7.2268791E+001 -7.5961643E-002
-7.2611285E+001 -1.5388350E-001
-7.2953780E+001 -2.9613274E-001
-7.3296274E+001  4.1049899E-002
-7.3638769E+001  1.4254108E-001
-7.3981263E+001 -1.1383479E-001
-7.4323757E+001 -1.5535581E-001
-7.4666252E+001 -1.8115928E-001
-7.5008746E+001 -1.4191145E-003
-7.5351241E+001  7.2674907E-002
-7.5693735E+001  2.9585529E-002
-7.6036229E+001 -3.0064157E-001
-7.6378724E+001 -8.3642897E-002
-7.6721218E+001 -1.6376156E-001
-7.7063713E+001 -2.9486694E-002
-7.7406207E+001  5.6341682E-002
-7.7748701E+001 -1.1679147E-001
-7.8091196E+001  3.8818220E-001
