-5.6606434E+001  2.5615549E-001
-5.6415070E+001  4.1617488E-001
-5.6223706E+001 -2.8594620E-001
-5.6032343E+001  3.0055351E-001
-5.5840979E+001 -4.0997180E-002
-5.5649615E+001 -1.9487750E-001
-5.5458251E+001  4.1332710E-003
-5.5266888E+001  1.8838533E-001
-5.5075524E+001 -1.8520825E-001
-5.4884160E+001  7.5548611E-002
-5.4692797E+001 -1.6913840E-001
-5.4501433E+001 -4.4318004E-002
-5.4310069E+001  1.0407020E-001
-5.4118706E+001 -3.1624397E-002
-5.3927342E+001 -2.0077101E-002
-5.3735978E+001 -1.6541891E-001
-5.3544615E+001 -8.0701086E-003
-5.3353251E+001  1.0961162E-001
-5.3161887E+001 -8.0480261E-002
-5.2970523E+001 -1.0418684E-001
-5.2779160E+001  3.3462343E-001
-5.2587796E+001  8.1815319E-002
-5.2396432E+001  8.6095361E-002
-5.2205069E+001 -1.0882911E-001
-5.2013705E+001  6.9999860E-002
-5.1822341E+001 -1.4099698E-001
-5.1630978E+001  2.0276150E-001
-5.1439614E+001  4.1313772E-001
-5.1248250E+001  3.0249723E-001
-5.1056886E+001  1.1460477E-002
-5.0865523E+001  3.5211998E-001
-5.0674159E+001  2.4334072E-001
-5.0482795E+001  1.9566035E-001
-5.0291432E+001  1.1233820E-001
-5.0100068E+001  2.0638018E-001
-4.9908704E+001  2.4112106E-001
-4.9717341E+001  8.8300146E-001
-4.9525977E+001  2.7044901E-001
-4.9334613E+001  6.5691760E-001
-4.9143250E+001  4.8593755E-001
-4.8951886E+001  1.0507179E+000
-4.8760522E+001  8.5990831E-001
-4.8569158E+001  7.1896368E-001
-4.8377795E+001  9.5964141E-001
-4.8186431E+001  9.3647909E-001
-4.7995067E+001  5.5021228E-001
-4.7803704E+001  1.1995439E+000
-4.7612340E+001  8.2943381E-001
-4.7420976E+001  1.0890382E+000
-4.7229613E+001  7.4233508E-001
-4.7038249E+001  7.8083703E-001
-4.6846885E+001  5.7050027E-001
-4.6655522E+001  6.1050796E-001
-4.6464158E+001  7.0543774E-001
-4.6272794E+001  2.0868412E-001
-4.6081430E+001  5.8058700E-001
-4.5890067E+001  1.5665289E-001
-4.5698703E+001  6.2490167E-001
-4.5507339E+001  5.3158615E-002
-4.5315976E+001  3.0069743E-001
-4.5124612E+001  1.2104408E-001
-4.4933248E+001  3.2583547E-001
-4.4741885E+001  2.0940773E-001
-4.4550521E+001  1.3873507E-001
-4.4359157E+001  4.6413909E-001
-4.4167793E+001  2.5271432E-001
-4.3976430E+001  4.0714280E-001
-4.3785066E+001  9.3051793E-002
-4.3593702E+001  3.7615649E-001
-4.3402339E+001  1.1245912E-001
-4.3210975E+001  2.5567742E-001
-4.3019611E+001  2.6011284E-001
-4.2828248E+001 -1.4259962E-001
-4.2636884E+001 -2.3658209E-001
-4.2445520E+001 -2.7127829E-001
-4.2254157E+001 -1.3207913E-001
-4.2062793E+001  3.9170915E-002
-4.1871429E+001  2.6343266E-001
-4.1680065E+001  6.1088385E-001
-4.1488702E+001  1.1477263E-001
-4.1297338E+001 -2.2046654E-002
-4.1105974E+001  1.3458341E-001
-4.0914611E+001  2.4752973E-001
-4.0723247E+001  2.8024683E-001
-4.0531883E+001  9.0426868E-002
-4.0340520E+001 -2.6221876E-001
-4.0149156E+001  2.6447932E-001
-3.9957792E+001 -2.2605321E-001
-3.9766429E+001 -3.7103663E-001
-3.9575065E+001  1.8396418E-001
-3.9383701E+001 -6.9248513E-002
-3.9192337E+001  3.9456074E-003
-3.9000974E+001 -1.8717525E-001
-3.8809610E+001  1.1005337E-001
-3.8618246E+001  4.0474099E-001
-3.8426883E+001  9.2805685E-002
-3.8235519E+001 -3.7537935E-001
-3.8044155E+001 -2.0679449E-002
-3.7852792E+001  1.3873020E-001
-3.7661428E+001  8.7720796E-002
-3.7470064E+001  4.2170326E-001
-3.7278701E+001  4.7369197E-002
-3.7087337E+001  1.4866742E-001
-3.6895973E+001  7.0109181E-002
-3.6704609E+001  2.1306365E-001
-3.6513246E+001 -1.4516995E-001
-3.6321882E+001  1.6003230E-001
-3.6130518E+001  4.6870080E-002
-3.5939155E+001  9.1469671E-002
-3.5747791E+001 -1.7680680E-002
-3.5556427E+001  9.5006512E-002
-3.5365064E+001 -4.1874113E-002
-3.5173700E+001 -3.4494483E-002
-3.4982336E+001  8.4215269E-002
-3.4790972E+001 -2.1163471E-001
-3.4599609E+001 -5.4937528E-003
-3.4408245E+001  2.2864156E-002
-3.4216881E+001 -1.8845964E-001
-3.4025518E+001 -2.8496990E-001
-3.3834154E+001 -8.5902536E-002
-3.3642790E+001  1.5476613E-001
-3.3451427E+001  1.9345243E-002
-3.3260063E+001  3.7101157E-001
-3.3068699E+001  9.1358649E-002
-3.2877336E+001  1.1813295E-001
-3.2685972E+001 -1.9208593E-002
-3.2494608E+001 -8.9898953E-002
-3.2303244E+001 -4.1314366E-002
