-9.6873981E+000 -1.4936926E-002
-9.4960344E+000  1.5476423E-001
-9.3046707E+000  1.5268943E-002
-9.1133070E+000 -1.7747704E-002
-8.9219433E+000  7.0652736E-002
-8.7305796E+000  1.7464519E-002
-8.5392159E+000  8.2637734E-002
-8.3478522E+000  2.5338909E-003
-8.1564885E+000  2.2146465E-001
-7.9651248E+000  2.0523802E-002
-7.7737611E+000  8.6410793E-002
-7.5823974E+000  1.9235018E-001
-7.3910337E+000 -1.8146983E-002
-7.1996700E+000  3.9997644E-002
-7.0083064E+000  2.3948959E-001
-6.8169427E+000 -4.7135218E-003
-6.6255790E+000  2.4093934E-002
-6.4342153E+000  2.0793931E-001
-6.2428516E+000 -1.2771712E-003
-6.0514879E+000  5.1058551E-002
-5.8601242E+000  6.8806902E-002
-5.6687605E+000  6.5420113E-002
-5.4773968E+000  1.4413814E-001
-5.2860331E+000  1.8024758E-001
-5.0946694E+000 -8.0278537E-002
-4.9033057E+000  2.3219930E-001
-4.7119420E+000  4.6440030E-002
-4.5205783E+000  2.1812119E-002
-4.3292146E+000 -2.0071135E-001
-4.1378509E+000  1.2554458E-001
-3.9464872E+000 -3.1102400E-002
-3.7551236E+000  4.1535969E-002
-3.5637599E+000  1.5576726E-001
-3.3723962E+000 -1.1778366E-003
-3.1810325E+000  2.2925993E-001
-2.9896688E+000  9.1934019E-002
-2.7983051E+000  1.2943048E-001
-2.6069414E+000  3.6849341E-003
-2.4155777E+000  6.0142340E-003
-2.2242140E+000 -6.3123215E-002
-2.0328503E+000  4.9964490E-002
-1.8414866E+000 -4.1865551E-002
-1.6501229E+000 -3.1992390E-002
-1.4587592E+000  3.5752528E-002
-1.2673955E+000 -1.3291125E-002
-1.0760318E+000  1.8033272E-001
-8.8466818E-001  5.0512717E-002
-6.9330449E-001  1.0195271E-001
-5.0194079E-001  8.8675286E-002
-3.1057710E-001 -9.9049177E-002
-1.1921341E-001  9.4075499E-002
 7.2150283E-002  9.8612241E-002
 2.6351397E-001  5.7080266E-002
 4.5487767E-001  3.2291277E-002
 6.4624136E-001  6.8177240E-002
 8.3760506E-001 -2.3137354E-001
 1.0289687E+000 -1.8179386E-001
 1.2203324E+000  2.4636267E-001
 1.4116961E+000  1.8775826E-001
 1.6030598E+000  2.0383346E-001
 1.7944235E+000  6.8874363E-002
 1.9857872E+000  2.6027110E-001
 2.1771509E+000  4.2935111E-001
 2.3685146E+000  2.5469648E-001
 2.5598783E+000  9.1037457E-002
 2.7512420E+000  2.9959777E-001
 2.9426056E+000  3.1055227E-001
 3.1339693E+000  1.4111791E-001
 3.3253330E+000  1.8276857E-001
 3.5166967E+000  3.0065045E-001
 3.7080604E+000  4.2849581E-001
 3.8994241E+000  1.8668981E-002
 4.0907878E+000  2.8864655E-001
 4.2821515E+000  2.1196022E-001
 4.4735152E+000  8.5695415E-002
 4.6648789E+000  1.0429120E-001
 4.8562426E+000  2.3156659E-001
 5.0476063E+000  1.3441616E-001
 5.2389700E+000  1.2246566E-001
 5.4303337E+000 -7.9410075E-002
 5.6216974E+000  4.8252405E-002
 5.8130611E+000  1.0401336E-001
 6.0044248E+000  3.1509468E-002
 6.1957884E+000  2.4682313E-002
 6.3871521E+000  2.4333676E-002
 6.5785158E+000 -7.2965865E-002
 6.7698795E+000 -3.4535732E-002
 6.9612432E+000 -2.2275116E-001
 7.1526069E+000 -4.3819916E-002
 7.3439706E+000 -1.6630723E-001
 7.5353343E+000 -6.6347378E-002
 7.7266980E+000  1.1107320E-001
 7.9180617E+000  1.6260095E-001
 8.1094254E+000  1.7373480E-001
 8.3007891E+000  2.5896046E-001
 8.4921528E+000 -5.6568789E-004
 8.6835165E+000  1.6307863E-001
 8.8748802E+000 -1.2554916E-001
 9.0662439E+000  6.6572737E-002
 9.2576076E+000  1.0365084E-001
 9.4489713E+000  1.2183220E-001
 9.6403349E+000  4.4062905E-002
 9.8316986E+000  8.3034642E-002
 1.0023062E+001  1.7674021E-001
 1.0214426E+001  4.7140520E-002
 1.0405789E+001 -1.2445470E-001
 1.0597153E+001  1.8002490E-001
 1.0788517E+001 -2.6013657E-002
 1.0979880E+001  1.7618101E-001
 1.1171244E+001 -1.0198226E-002
 1.1362608E+001  1.6311349E-001
 1.1553971E+001  1.1251265E-001
 1.1745335E+001  8.0426620E-002
 1.1936699E+001  3.1548485E-002
 1.2128063E+001  4.5368608E-002
 1.2319426E+001  1.0455018E-001
 1.2510790E+001  4.9724712E-002
 1.2702154E+001  1.3237221E-002
 1.2893517E+001  6.5234811E-002
 1.3084881E+001  6.4176165E-002
 1.3276245E+001  3.1979624E-001
 1.3467608E+001  2.9746086E-002
 1.3658972E+001  1.9984803E-001
 1.3850336E+001 -6.8577681E-002
 1.4041699E+001  1.7366162E-001
 1.4233063E+001 -4.9458625E-002
 1.4424427E+001  2.6525727E-001
 1.4615791E+001  4.8621121E-002
