-1.7785478E+001  1.7546870E-001
-1.7594114E+001  3.2940575E-002
-1.7402750E+001  1.7088827E-001
-1.7211387E+001 -4.9729246E-002
-1.7020023E+001  1.4110992E-001
-1.6828659E+001 -8.7852499E-002
-1.6637295E+001  1.8271242E-003
-1.6445932E+001  7.7224163E-002
-1.6254568E+001  3.5052919E-001
-1.6063204E+001  6.9088311E-002
-1.5871841E+001  1.6618312E-001
-1.5680477E+001  1.2299368E-001
-1.5489113E+001 -1.6993704E-001
-1.5297750E+001  2.0206803E-001
-1.5106386E+001  7.9735266E-002
-1.4915022E+001  2.4004153E-001
-1.4723659E+001  1.7588186E-001
-1.4532295E+001  2.2161912E-003
-1.4340931E+001  4.2780937E-001
-1.4149567E+001 -2.5986335E-001
-1.3958204E+001  3.1603025E-001
-1.3766840E+001  2.7863134E-001
-1.3575476E+001  1.4022992E-001
-1.3384113E+001  7.2223885E-002
-1.3192749E+001 -3.4164492E-002
-1.3001385E+001 -9.4492411E-002
-1.2810022E+001  4.5541378E-001
-1.2618658E+001  1.7769607E-001
-1.2427294E+001 -2.3832457E-002
-1.2235930E+001  1.1418075E-001
-1.2044567E+001  1.2284430E-002
-1.1853203E+001 -5.1827381E-002
-1.1661839E+001 -1.1657102E-001
-1.1470476E+001  3.6780192E-001
-1.1279112E+001  1.5939376E-001
-1.1087748E+001  1.9061118E-001
-1.0896385E+001 -4.3503385E-001
-1.0705021E+001 -1.5961145E-001
-1.0513657E+001  6.7794121E-002
-1.0322294E+001 -4.1049140E-002
-1.0130930E+001 -2.1026287E-001
-9.9395666E+000  1.6068484E-001
-9.7482029E+000 -3.0161156E-002
-9.5568392E+000 -5.6398983E-003
-9.3654755E+000  3.6561137E-001
-9.1741118E+000  4.0770719E-001
-8.9827481E+000 -2.3562108E-001
-8.7913844E+000 -8.9953169E-002
-8.6000207E+000  2.1192203E-002
-8.4086571E+000 -2.0495155E-002
-8.2172934E+000  1.5615491E-001
-8.0259297E+000  1.1547478E-002
-7.8345660E+000  2.1206590E-001
-7.6432023E+000  1.5398971E-001
-7.4518386E+000  1.7761422E-001
-7.2604749E+000  1.3464171E-001
-7.0691112E+000  2.0950753E-002
-6.8777475E+000  4.3047839E-002
-6.6863838E+000 -5.5625721E-003
-6.4950201E+000 -2.0138261E-001
-6.3036564E+000  2.9244950E-002
-6.1122927E+000  3.8641310E-002
-5.9209290E+000 -1.4923391E-002
-5.7295653E+000  3.5862036E-001
-5.5382016E+000  2.4290746E-002
-5.3468379E+000  3.3615349E-002
-5.1554743E+000 -2.1472069E-001
-4.9641106E+000  6.3311726E-001
-4.7727469E+000  7.7912485E-002
-4.5813832E+000  1.0086861E-001
-4.3900195E+000 -1.5738297E-001
-4.1986558E+000 -1.3216834E-001
-4.0072921E+000  7.8710414E-002
-3.8159284E+000  1.5801220E-001
-3.6245647E+000  1.2281959E-001
-3.4332010E+000  1.7935623E-001
-3.2418373E+000  2.9300877E-001
-3.0504736E+000 -1.8761975E-001
-2.8591099E+000  2.4419962E-001
-2.6677462E+000 -2.7684434E-002
-2.4763825E+000 -1.3699820E-001
-2.2850188E+000  1.2793479E-001
-2.0936551E+000  1.3915595E-001
-1.9022915E+000  1.9642162E-001
-1.7109278E+000  3.7932689E-001
-1.5195641E+000  7.2625018E-001
-1.3282004E+000  4.8999931E-001
-1.1368367E+000  7.2852615E-001
-9.4547302E-001  7.7607482E-001
-7.5410933E-001  6.1859724E-001
-5.6274564E-001  1.1669416E+000
-3.7138194E-001  3.4831816E-001
-1.8001825E-001  1.0115412E+000
 1.1345441E-002  7.3157428E-001
 2.0270913E-001  8.8856382E-001
 3.9407282E-001  7.4241441E-001
 5.8543652E-001  5.6416426E-001
 7.7680021E-001  3.2303187E-001
 9.6816391E-001  8.8165180E-001
 1.1595276E+000  3.4935579E-001
 1.3508913E+000  2.9453482E-001
 1.5422549E+000  1.9738054E-001
 1.7336186E+000  4.3856032E-001
 1.9249823E+000  3.4185272E-001
 2.1163460E+000  1.0195529E-001
 2.3077097E+000  2.2285796E-001
 2.4990734E+000  1.8441032E-001
 2.6904371E+000  7.5048384E-002
 2.8818008E+000  5.5735527E-001
 3.0731645E+000  1.2169669E-001
 3.2645282E+000  9.9672655E-002
 3.4558919E+000  2.8478624E-001
 3.6472556E+000  4.1388680E-001
 3.8386193E+000 -2.7666470E-001
 4.0299830E+000  1.8535766E-002
 4.2213467E+000 -2.3355983E-002
 4.4127104E+000 -1.1028274E-002
 4.6040741E+000  3.4560864E-002
 4.7954377E+000  3.1264611E-002
 4.9868014E+000 -5.1469896E-002
 5.1781651E+000  4.7839227E-002
 5.3695288E+000  2.5367856E-001
 5.5608925E+000 -2.9144478E-001
 5.7522562E+000  1.6872069E-001
 5.9436199E+000  4.2485883E-002
 6.1349836E+000  3.7989072E-001
 6.3263473E+000  2.9772056E-001
 6.5177110E+000 -3.3530529E-001
