 2.7205341E+001 -4.8783309E-002
 2.6862847E+001 -2.6870813E-002
 2.6520352E+001  1.0641485E-001
 2.6177858E+001  5.7135214E-002
 2.5835364E+001  1.5436095E-001
 2.5492869E+001  4.1859561E-002
 2.5150375E+001 -2.6829973E-002
 2.4807880E+001  2.5317854E-001
 2.4465386E+001  3.8257052E-002
 2.4122892E+001  3.8897554E-002
 2.3780397E+001  1.4781612E-001
 2.3437903E+001 -4.8984557E-002
 2.3095408E+001  2.6906417E-002
 2.2752914E+001  1.9203012E-001
 2.2410420E+001  7.6666402E-002
 2.2067925E+001  1.9471102E-002
 2.1725431E+001  9.2446532E-002
 2.1382936E+001  1.7848176E-002
 2.1040442E+001 -7.6313717E-003
 2.0697948E+001 -4.0101402E-002
 2.0355453E+001  1.0579512E-001
 2.0012959E+001  1.2763710E-001
 1.9670464E+001  2.2741035E-001
 1.9327970E+001  2.8479233E-001
 1.8985476E+001  1.0409481E-002
 1.8642981E+001  3.1787995E-002
 1.8300487E+001  1.7018872E-001
 1.7957992E+001  1.3715767E-002
 1.7615498E+001  2.0816798E-001
 1.7273004E+001 -1.9164406E-001
 1.6930509E+001  1.7672677E-001
 1.6588015E+001  8.1733279E-002
 1.6245520E+001  1.5279318E-001
 1.5903026E+001  1.7804774E-001
 1.5560532E+001  8.8054333E-002
 1.5218037E+001 -2.4246403E-002
 1.4875543E+001  2.7209596E-002
 1.4533048E+001  9.0561026E-002
 1.4190554E+001  1.2248691E-001
 1.3848060E+001 -1.9853201E-002
 1.3505565E+001  3.5929159E-003
 1.3163071E+001  2.5303810E-003
 1.2820576E+001  2.1159150E-001
 1.2478082E+001  9.1207133E-002
 1.2135588E+001  3.3941181E-002
 1.1793093E+001  2.1337326E-001
 1.1450599E+001  1.1166286E-001
 1.1108104E+001  2.2934897E-001
 1.0765610E+001  4.0400297E-001
 1.0423116E+001  4.1246155E-001
 1.0080621E+001  3.9109055E-001
 9.7381272E+000  6.2045196E-001
 9.3956328E+000  5.6386551E-001
 9.0531384E+000  6.2067690E-001
 8.7106440E+000  2.4419581E-001
 8.3681496E+000  3.7148167E-001
 8.0256552E+000  4.1320036E-001
 7.6831608E+000  2.7991568E-001
 7.3406664E+000  3.9082494E-001
 6.9981720E+000  2.1882690E-001
 6.6556776E+000  2.1071045E-001
 6.3131832E+000  2.4214886E-001
 5.9706888E+000  1.1375248E-001
 5.6281944E+000  1.4383708E-001
 5.2857000E+000  6.7612329E-002
 4.9432056E+000  1.3333008E-001
 4.6007112E+000  9.9993422E-002
 4.2582168E+000  1.3047229E-001
 3.9157224E+000  8.4127727E-002
 3.5732280E+000  9.8694039E-003
 3.2307336E+000  9.0176275E-002
 2.8882392E+000  1.2464638E-001
 2.5457448E+000  3.3324710E-002
 2.2032504E+000  1.8165116E-001
 1.8607560E+000  2.3803401E-001
 1.5182616E+000  1.2861136E-001
 1.1757672E+000  9.1384587E-002
 8.3327280E-001 -6.5395623E-002
 4.9077840E-001  1.9884757E-001
 1.4828400E-001  9.2453889E-002
-1.9421040E-001  9.1331828E-002
-5.3670480E-001  1.3031098E-001
-8.7919920E-001  2.0668889E-001
-1.2216936E+000  1.3790144E-002
-1.5641880E+000  1.3524012E-001
-1.9066824E+000  1.1158242E-001
-2.2491768E+000  7.1249269E-002
-2.5916712E+000  1.0278710E-001
-2.9341656E+000 -9.6600219E-003
-3.2766600E+000  1.2285074E-002
-3.6191544E+000  7.9584789E-002
-3.9616488E+000  4.6266016E-002
-4.3041432E+000  1.8912205E-001
-4.6466376E+000  5.5616861E-002
-4.9891320E+000  2.4885675E-002
-5.3316264E+000  9.2644036E-003
-5.6741208E+000  1.8063203E-001
-6.0166152E+000  1.1806688E-001
-6.3591096E+000 -1.1648864E-002
-6.7016040E+000  6.6254099E-002
-7.0440984E+000  2.1206116E-001
-7.3865928E+000  2.0175725E-001
-7.7290872E+000  7.8728607E-002
-8.0715816E+000  1.4075060E-001
-8.4140760E+000  6.7215680E-003
-8.7565704E+000  2.3219178E-001
-9.0990648E+000  1.8115479E-001
-9.4415592E+000  2.7329464E-002
-9.7840536E+000  6.1152043E-002
-1.0126548E+001  1.8918853E-001
-1.0469042E+001  1.0811538E-001
-1.0811536E+001  4.2046105E-002
-1.1154031E+001  1.6952475E-001
-1.1496525E+001 -4.8405923E-002
-1.1839020E+001 -8.4027380E-002
-1.2181514E+001 -5.6184295E-002
-1.2524008E+001  2.9313010E-002
-1.2866503E+001 -7.1353115E-002
-1.3208997E+001  4.5336439E-002
-1.3551492E+001 -1.0590672E-001
-1.3893986E+001  0.0000000E+000
-1.4236480E+001  0.0000000E+000
-1.4578975E+001  0.0000000E+000
-1.4921469E+001  0.0000000E+000
-1.5263964E+001  0.0000000E+000
-1.5606458E+001  0.0000000E+000
-1.5948952E+001  0.0000000E+000
-1.6291447E+001  0.0000000E+000
