 3.0270805E+001 -1.8993103E-001
 3.0462169E+001 -3.4022103E-001
 3.0653533E+001 -2.6469226E-001
 3.0844896E+001  2.7577683E-001
 3.1036260E+001 -6.4066719E-002
 3.1227624E+001 -2.0753393E-002
 3.1418988E+001 -1.4413595E-001
 3.1610351E+001 -8.4805370E-002
 3.1801715E+001  3.4850390E-001
 3.1993079E+001  1.0855807E-001
 3.2184442E+001  1.6295571E-002
 3.2375806E+001 -3.1010039E-001
 3.2567170E+001  3.1800574E-001
 3.2758533E+001 -3.9235919E-001
 3.2949897E+001  1.5141007E-001
 3.3141261E+001 -1.7458433E-001
 3.3332624E+001  2.7080222E-002
 3.3523988E+001  6.2845409E-002
 3.3715352E+001  2.7409575E-001
 3.3906716E+001 -4.5376910E-002
 3.4098079E+001 -1.8372211E-001
 3.4289443E+001 -1.2165107E-001
 3.4480807E+001 -1.2709225E-001
 3.4672170E+001  2.8212681E-001
 3.4863534E+001  1.1209139E-002
 3.5054898E+001  4.8176193E-002
 3.5246261E+001 -3.2761734E-001
 3.5437625E+001 -2.9895184E-002
 3.5628989E+001 -1.4570673E-001
 3.5820353E+001 -2.0039044E-001
 3.6011716E+001 -3.4123119E-001
 3.6203080E+001 -6.2624512E-002
 3.6394444E+001 -1.2255261E-001
 3.6585807E+001 -1.2447984E-001
 3.6777171E+001  6.9881012E-002
 3.6968535E+001 -2.1762812E-001
 3.7159898E+001 -5.9299144E-001
 3.7351262E+001 -1.0527044E-001
 3.7542626E+001 -1.2022203E-001
 3.7733989E+001  1.3095605E-001
 3.7925353E+001  1.8797746E-001
 3.8116717E+001 -1.3151304E-001
 3.8308081E+001  2.1239715E-001
 3.8499444E+001 -3.8400816E-001
 3.8690808E+001  2.4671172E-002
 3.8882172E+001 -6.3177590E-002
 3.9073535E+001 -8.1736867E-002
 3.9264899E+001  1.1138320E-001
 3.9456263E+001  2.4559428E-003
 3.9647626E+001  1.4581813E-001
 3.9838990E+001  1.7936361E-001
 4.0030354E+001  4.9566593E-001
 4.0221717E+001  8.8570899E-002
 4.0413081E+001  9.7540986E-002
 4.0604445E+001 -1.4710741E-002
 4.0795809E+001  4.9701101E-001
 4.0987172E+001  4.9099376E-001
 4.1178536E+001  3.1485853E-001
 4.1369900E+001 -1.0226980E-002
 4.1561263E+001  2.2358905E-001
 4.1752627E+001  1.9289883E-001
 4.1943991E+001  4.2014606E-001
 4.2135354E+001  1.7566972E-001
 4.2326718E+001  3.2350291E-001
 4.2518082E+001  9.6893025E-002
 4.2709446E+001 -1.0343639E-001
 4.2900809E+001  1.3853355E-001
 4.3092173E+001  1.3646664E-001
 4.3283537E+001  1.4246396E-001
 4.3474900E+001  3.6042699E-001
 4.3666264E+001  2.9816263E-001
 4.3857628E+001 -8.1737186E-002
 4.4048991E+001 -2.3689597E-002
 4.4240355E+001  2.7857888E-001
 4.4431719E+001 -1.2015616E-001
 4.4623082E+001  4.9855530E-002
 4.4814446E+001 -3.4753634E-001
 4.5005810E+001 -5.4751006E-002
 4.5197174E+001  2.9368013E-001
 4.5388537E+001 -5.7868308E-002
 4.5579901E+001 -1.0424170E-001
 4.5771265E+001 -1.1057960E-001
 4.5962628E+001 -1.5015834E-001
 4.6153992E+001  2.0957273E-001
 4.6345356E+001  2.5108825E-001
 4.6536719E+001 -1.7896247E-002
 4.6728083E+001 -5.2111209E-002
 4.6919447E+001 -5.9535515E-002
 4.7110810E+001  2.3081666E-001
 4.7302174E+001  1.3892768E-001
 4.7493538E+001 -7.6857989E-002
 4.7684902E+001  1.0179766E-001
 4.7876265E+001 -1.0022849E-002
 4.8067629E+001  1.2507089E-001
 4.8258993E+001 -1.5039597E-001
 4.8450356E+001 -2.4776683E-001
 4.8641720E+001 -1.7337889E-002
 4.8833084E+001  4.0051933E-002
 4.9024447E+001  2.0316321E-002
 4.9215811E+001  3.8777556E-002
 4.9407175E+001  6.2226941E-002
 4.9598538E+001  1.4691855E-001
 4.9789902E+001 -2.0644509E-001
 4.9981266E+001 -1.5477634E-001
 5.0172630E+001  3.2887921E-001
 5.0363993E+001 -2.6777841E-002
 5.0555357E+001 -3.6420065E-001
 5.0746721E+001  1.4305756E-002
 5.0938084E+001  3.6474723E-003
 5.1129448E+001 -1.8855460E-001
 5.1320812E+001 -4.8006872E-002
 5.1512175E+001 -4.7062443E-001
 5.1703539E+001  5.3030248E-002
 5.1894903E+001 -2.0703819E-001
 5.2086267E+001  1.2149879E-001
 5.2277630E+001 -1.9487467E-001
 5.2468994E+001  1.0771959E-001
 5.2660358E+001 -2.1571348E-001
 5.2851721E+001 -4.6109957E-002
 5.3043085E+001 -1.6901180E-001
 5.3234449E+001 -2.1416073E-002
 5.3425812E+001  1.4666762E-001
 5.3617176E+001 -6.2905476E-001
 5.3808540E+001  9.0204519E-002
 5.3999903E+001 -2.8360782E-001
 5.4191267E+001  4.8157448E-002
 5.4382631E+001  2.8522911E-001
 5.4573995E+001 -1.0475283E-001
