 3.5805672E+001 -9.9031761E-003
 3.5463178E+001 -1.0193333E-001
 3.5120683E+001 -5.4298494E-004
 3.4778189E+001 -4.5796647E-003
 3.4435695E+001 -1.3693132E-001
 3.4093200E+001 -1.0941056E-001
 3.3750706E+001  1.1512493E-001
 3.3408211E+001  1.8084340E-002
 3.3065717E+001 -1.4506236E-001
 3.2723223E+001  5.8991009E-002
 3.2380728E+001  2.3377106E-002
 3.2038234E+001  6.1012401E-002
 3.1695739E+001 -1.1964451E-001
 3.1353245E+001  1.1595041E-001
 3.1010751E+001  1.5317298E-001
 3.0668256E+001 -2.9688024E-002
 3.0325762E+001 -1.1096627E-001
 2.9983267E+001 -1.3288565E-001
 2.9640773E+001 -5.3019792E-002
 2.9298279E+001  3.4676380E-002
 2.8955784E+001  1.4288888E-001
 2.8613290E+001  7.0965873E-002
 2.8270795E+001 -7.7368745E-002
 2.7928301E+001  3.0681697E-002
 2.7585807E+001 -3.0673871E-002
 2.7243312E+001  1.3320517E-001
 2.6900818E+001 -9.3129317E-002
 2.6558323E+001  1.4247470E-001
 2.6215829E+001 -9.3119350E-002
 2.5873335E+001 -1.6033315E-001
 2.5530840E+001  1.1214930E-002
 2.5188346E+001 -9.8995672E-002
 2.4845851E+001 -1.5763145E-001
 2.4503357E+001  3.8269628E-002
 2.4160863E+001  4.4272085E-002
 2.3818368E+001 -6.0094239E-002
 2.3475874E+001 -6.1084125E-002
 2.3133379E+001 -1.5304316E-001
 2.2790885E+001  4.8746092E-003
 2.2448391E+001  1.2583188E-001
 2.2105896E+001  7.3035449E-002
 2.1763402E+001  7.9606006E-002
 2.1420907E+001 -1.8309569E-002
 2.1078413E+001 -2.2555203E-001
 2.0735919E+001  6.9172375E-002
 2.0393424E+001  2.5703640E-003
 2.0050930E+001 -1.5165241E-001
 1.9708435E+001  5.5336312E-002
 1.9365941E+001  1.0782291E-001
 1.9023447E+001  7.6042469E-002
 1.8680952E+001  8.5931705E-002
 1.8338458E+001  9.6607934E-002
 1.7995963E+001 -1.6218583E-001
 1.7653469E+001  6.7219276E-002
 1.7310975E+001  5.8642684E-003
 1.6968480E+001  1.0084292E-001
 1.6625986E+001  1.2796430E-001
 1.6283491E+001  3.2157784E-002
 1.5940997E+001 -2.3401388E-002
 1.5598503E+001  1.7905259E-001
 1.5256008E+001  1.4999032E-001
 1.4913514E+001  3.4721922E-001
 1.4571019E+001  2.5015388E-001
 1.4228525E+001  2.5967463E-001
 1.3886031E+001  2.1191928E-001
 1.3543536E+001  2.1681426E-001
 1.3201042E+001  2.4137225E-001
 1.2858547E+001  4.4248645E-001
 1.2516053E+001  2.6965408E-001
 1.2173559E+001  3.1306488E-001
 1.1831064E+001  4.9975534E-001
 1.1488570E+001  3.2648438E-001
 1.1146075E+001  4.4807758E-001
 1.0803581E+001  3.8023861E-001
 1.0461087E+001  3.7620129E-001
 1.0118592E+001  4.2850693E-001
 9.7760982E+000  2.1922511E-001
 9.4336038E+000  4.2310716E-001
 9.0911094E+000  2.0999070E-001
 8.7486150E+000  3.4446059E-001
 8.4061206E+000  3.5310343E-001
 8.0636262E+000  3.8970224E-001
 7.7211318E+000  2.4164303E-001
 7.3786374E+000  3.1430855E-001
 7.0361430E+000  2.3011457E-001
 6.6936486E+000  2.6513193E-001
 6.3511542E+000  2.7468974E-001
 6.0086598E+000  2.6534588E-001
 5.6661654E+000  5.0349297E-001
 5.3236710E+000  1.9319929E-001
 4.9811766E+000  5.2741822E-001
 4.6386822E+000  4.3430574E-001
 4.2961878E+000  3.1872473E-001
 3.9536934E+000  1.1225942E-001
 3.6111990E+000  5.2530960E-001
 3.2687046E+000  2.6689079E-001
 2.9262102E+000  1.6929209E-001
 2.5837158E+000  3.4938050E-001
 2.2412214E+000  2.6490924E-001
 1.8987270E+000  3.5255152E-001
 1.5562326E+000  1.6631780E-001
 1.2137382E+000  1.4712454E-001
 8.7124380E-001  1.8394026E-001
 5.2874940E-001  2.5631390E-001
 1.8625500E-001  1.3609222E-001
-1.5623939E-001  2.1931291E-001
-4.9873379E-001  8.9664759E-003
-8.4122819E-001  1.6449944E-001
-1.1837226E+000 -4.5428990E-002
-1.5262170E+000  5.6768387E-001
-1.8687114E+000 -2.7537784E-001
-2.2112058E+000 -1.5643333E-002
-2.5537002E+000 -2.8513589E-002
-2.8961946E+000 -7.2772449E-002
-3.2386890E+000 -6.1083629E-002
-3.5811834E+000 -1.4101308E-001
-3.9236778E+000 -4.2630878E-002
-4.2661722E+000 -7.2117571E-002
-4.6086666E+000 -1.1704194E-001
-4.9511610E+000  1.2255373E-002
-5.2936554E+000 -1.8465918E-002
-5.6361498E+000 -9.9250456E-002
-5.9786442E+000 -6.8772171E-002
-6.3211386E+000  7.3099304E-002
-6.6636330E+000  5.7529746E-002
-7.0061274E+000 -2.0409341E-001
-7.3486218E+000  1.5320366E-001
-7.6911162E+000  1.6842823E-001
