 4.0298465E+001  2.2524738E-001
 4.0489829E+001 -1.0766964E-001
 4.0681193E+001 -1.3906534E-001
 4.0872556E+001 -6.9362700E-002
 4.1063920E+001  3.2853655E-002
 4.1255284E+001 -7.3473923E-003
 4.1446648E+001  5.0653469E-002
 4.1638011E+001  9.5630145E-002
 4.1829375E+001 -5.6310807E-002
 4.2020739E+001 -3.7623126E-003
 4.2212102E+001  4.0747867E-002
 4.2403466E+001  5.7998613E-002
 4.2594830E+001 -6.9372119E-003
 4.2786193E+001 -4.4555017E-002
 4.2977557E+001 -4.7490680E-002
 4.3168921E+001  1.0716367E-001
 4.3360284E+001  2.1157448E-002
 4.3551648E+001 -7.0876777E-002
 4.3743012E+001 -7.8947588E-002
 4.3934376E+001  6.5608831E-002
 4.4125739E+001 -2.4050248E-003
 4.4317103E+001 -3.3516970E-002
 4.4508467E+001  5.4393343E-002
 4.4699830E+001 -3.3207156E-002
 4.4891194E+001  2.5740823E-002
 4.5082558E+001 -4.9439797E-002
 4.5273921E+001 -1.4983206E-002
 4.5465285E+001  7.5626946E-002
 4.5656649E+001 -1.8036984E-002
 4.5848013E+001 -7.7291714E-002
 4.6039376E+001  1.6906726E-002
 4.6230740E+001 -4.3937203E-002
 4.6422104E+001  2.6236614E-002
 4.6613467E+001  3.7435121E-002
 4.6804831E+001 -1.1847503E-001
 4.6996195E+001  4.7692432E-004
 4.7187558E+001 -2.2007670E-002
 4.7378922E+001 -9.4557331E-003
 4.7570286E+001 -6.0432060E-002
 4.7761649E+001 -4.7166722E-002
 4.7953013E+001  1.0378665E-001
 4.8144377E+001  3.7032010E-002
 4.8335741E+001 -8.5720925E-002
 4.8527104E+001  1.9001432E-002
 4.8718468E+001  4.2282915E-002
 4.8909832E+001  1.8890766E-001
 4.9101195E+001  3.5501651E-002
 4.9292559E+001  1.9327429E-001
 4.9483923E+001  9.5949698E-002
 4.9675286E+001  3.1178030E-002
 4.9866650E+001  2.8099914E-001
 5.0058014E+001 -2.2365566E-002
 5.0249377E+001  1.1184437E-001
 5.0440741E+001  2.0836492E-001
 5.0632105E+001  1.3475070E-001
 5.0823469E+001  4.2650633E-002
 5.1014832E+001  1.1300431E-001
 5.1206196E+001  2.5894948E-001
 5.1397560E+001  2.7621314E-001
 5.1588923E+001  1.2271523E-001
 5.1780287E+001  2.0747095E-001
 5.1971651E+001  1.9991618E-001
 5.2163014E+001  2.1888190E-001
 5.2354378E+001  2.7245748E-001
 5.2545742E+001  1.7871367E-001
 5.2737106E+001  2.4183884E-001
 5.2928469E+001  2.6716489E-001
 5.3119833E+001  4.4177183E-001
 5.3311197E+001  2.5236039E-001
 5.3502560E+001  3.9492658E-001
 5.3693924E+001  4.0455807E-001
 5.3885288E+001  1.9793769E-001
 5.4076651E+001  3.3303192E-001
 5.4268015E+001  3.3443143E-001
 5.4459379E+001  2.7274725E-001
 5.4650742E+001  3.4676816E-001
 5.4842106E+001  2.2790378E-001
 5.5033470E+001  2.2619454E-001
 5.5224834E+001  1.7901708E-001
 5.5416197E+001  1.0405285E-001
 5.5607561E+001  2.2441666E-001
 5.5798925E+001  1.1615805E-001
 5.5990288E+001  1.0908799E-001
 5.6181652E+001 -4.5207901E-002
 5.6373016E+001  7.6518991E-002
 5.6564379E+001  5.6950374E-002
 5.6755743E+001 -8.1058369E-002
 5.6947107E+001  1.2288708E-001
 5.7138470E+001  1.3679733E-002
 5.7329834E+001  8.0609134E-002
 5.7521198E+001  1.1048507E-001
 5.7712562E+001 -2.2356399E-002
 5.7903925E+001 -1.7799682E-001
 5.8095289E+001  9.3604078E-002
 5.8286653E+001 -6.6294410E-002
 5.8478016E+001 -5.3103133E-002
 5.8669380E+001 -3.5765868E-002
 5.8860744E+001  6.1833092E-002
 5.9052107E+001 -3.8568796E-002
 5.9243471E+001  7.2116112E-002
 5.9434835E+001 -6.2819285E-002
 5.9626198E+001  4.8404022E-002
 5.9817562E+001  3.3309537E-002
 6.0008926E+001 -7.4908027E-002
 6.0200290E+001 -4.9580112E-002
 6.0391653E+001  1.4922548E-002
 6.0583017E+001  1.1360899E-001
 6.0774381E+001  7.8624969E-002
 6.0965744E+001  5.2608666E-002
 6.1157108E+001  9.4092019E-002
 6.1348472E+001  9.4440966E-002
 6.1539835E+001 -1.6791844E-002
 6.1731199E+001 -1.6375511E-002
 6.1922563E+001  3.8343464E-002
 6.2113927E+001  1.2024544E-001
 6.2305290E+001  6.6679152E-002
 6.2496654E+001  6.5307169E-002
 6.2688018E+001 -4.2058051E-002
 6.2879381E+001 -3.0938044E-003
 6.3070745E+001  9.1840284E-002
 6.3262109E+001  2.0507543E-003
 6.3453472E+001 -1.2287958E-001
 6.3644836E+001 -1.6255201E-003
 6.3836200E+001  6.2737036E-002
 6.4027563E+001 -1.6360380E-001
 6.4218927E+001  5.3626232E-002
 6.4410291E+001  1.8233228E-002
 6.4601655E+001  1.2470293E-003
