 1.1717435E+001  1.6101763E-001
 1.1908799E+001  7.0925371E-002
 1.2100163E+001  1.5943311E-002
 1.2291526E+001  3.2658135E-002
 1.2482890E+001  1.6208801E-001
 1.2674254E+001  8.3390320E-002
 1.2865618E+001 -1.9470739E-001
 1.3056981E+001 -9.2706196E-003
 1.3248345E+001  1.4023865E-001
 1.3439709E+001 -1.3968166E-001
 1.3631072E+001  5.2183803E-002
 1.3822436E+001 -1.0153595E-001
 1.4013800E+001  6.6202336E-002
 1.4205163E+001 -1.3412316E-001
 1.4396527E+001  1.6979316E-001
 1.4587891E+001 -1.1089590E-001
 1.4779254E+001 -1.2678184E-001
 1.4970618E+001 -4.3100038E-002
 1.5161982E+001 -3.7331152E-001
 1.5353346E+001 -2.0360621E-001
 1.5544709E+001  5.2372778E-002
 1.5736073E+001  1.5308178E-001
 1.5927437E+001  1.8356842E-001
 1.6118800E+001  1.4626751E-002
 1.6310164E+001 -4.5883057E-002
 1.6501528E+001  2.0171266E-001
 1.6692891E+001 -8.7507807E-003
 1.6884255E+001 -4.6129221E-002
 1.7075619E+001 -3.3883209E-003
 1.7266983E+001  1.8419584E-001
 1.7458346E+001  6.0688787E-002
 1.7649710E+001  1.8712924E-001
 1.7841074E+001 -3.3591005E-002
 1.8032437E+001  1.5280062E-001
 1.8223801E+001  1.5074840E-001
 1.8415165E+001 -7.1266776E-002
 1.8606528E+001  3.6974621E-002
 1.8797892E+001  2.1935637E-001
 1.8989256E+001  5.0657949E-001
 1.9180619E+001  1.7131299E-001
 1.9371983E+001  3.1725001E-001
 1.9563347E+001  4.0753055E-001
 1.9754711E+001  2.4424057E-001
 1.9946074E+001  4.4989062E-001
 2.0137438E+001  8.7429169E-002
 2.0328802E+001  8.1127928E-001
 2.0520165E+001  5.6233971E-001
 2.0711529E+001  6.9807908E-001
 2.0902893E+001  9.9636697E-001
 2.1094256E+001  8.3617056E-001
 2.1285620E+001  9.1358998E-001
 2.1476984E+001  9.0036750E-001
 2.1668347E+001  1.2267712E+000
 2.1859711E+001  1.1111202E+000
 2.2051075E+001  9.5739709E-001
 2.2242439E+001  1.0879831E+000
 2.2433802E+001  7.8095234E-001
 2.2625166E+001  6.8091464E-001
 2.2816530E+001  7.4623637E-001
 2.3007893E+001  5.6193288E-001
 2.3199257E+001  5.9742438E-001
 2.3390621E+001  3.7394031E-001
 2.3581984E+001  5.7827270E-001
 2.3773348E+001  2.5371329E-001
 2.3964712E+001  2.2193179E-001
 2.4156076E+001  5.2994809E-001
 2.4347439E+001  2.3086920E-001
 2.4538803E+001  1.6845148E-001
 2.4730167E+001  2.5622047E-001
 2.4921530E+001  1.9319274E-002
 2.5112894E+001  7.9957753E-002
 2.5304258E+001  2.5587362E-001
 2.5495621E+001  2.1638238E-001
 2.5686985E+001  3.6786871E-001
 2.5878349E+001 -3.2660905E-002
 2.6069712E+001  6.3340258E-002
 2.6261076E+001 -6.9050431E-002
 2.6452440E+001  1.2132879E-001
 2.6643804E+001 -1.2851043E-002
 2.6835167E+001 -1.3248609E-001
 2.7026531E+001 -9.4576020E-002
 2.7217895E+001  3.3215251E-001
 2.7409258E+001 -8.7653090E-002
 2.7600622E+001 -1.7252670E-001
 2.7791986E+001 -1.3221203E-001
 2.7983349E+001  4.0640310E-002
 2.8174713E+001 -1.0279216E-001
 2.8366077E+001  6.9183298E-002
 2.8557440E+001  6.4267622E-003
 2.8748804E+001 -1.9587527E-001
 2.8940168E+001  7.8639035E-002
 2.9131532E+001  2.4730306E-001
 2.9322895E+001 -1.1424897E-001
 2.9514259E+001 -1.7410257E-001
 2.9705623E+001  1.1541421E-001
 2.9896986E+001 -7.2049570E-003
 3.0088350E+001  8.2753533E-002
 3.0279714E+001  1.2888449E-001
 3.0471077E+001  1.9403725E-001
 3.0662441E+001  1.0692356E-001
 3.0853805E+001 -5.7607136E-002
 3.1045168E+001 -1.9961391E-001
 3.1236532E+001 -1.4426765E-001
 3.1427896E+001  2.7721984E-002
 3.1619260E+001 -2.2200239E-001
 3.1810623E+001 -1.7115880E-001
 3.2001987E+001  8.2585539E-002
 3.2193351E+001  3.5929726E-002
 3.2384714E+001  3.0398071E-002
 3.2576078E+001 -7.9487608E-002
 3.2767442E+001  1.4836698E-001
 3.2958805E+001 -1.4356968E-001
 3.3150169E+001 -4.2715523E-002
 3.3341533E+001 -2.1265239E-001
 3.3532897E+001  3.4395188E-001
 3.3724260E+001 -2.4256016E-001
 3.3915624E+001 -1.6127253E-001
 3.4106988E+001  4.9976793E-002
 3.4298351E+001  7.6428914E-002
 3.4489715E+001  9.0718984E-002
 3.4681079E+001  2.0796791E-001
 3.4872442E+001  3.0002200E-001
 3.5063806E+001  9.3607424E-002
 3.5255170E+001  1.2609466E-001
 3.5446533E+001 -3.3403831E-001
 3.5637897E+001  1.6316247E-002
 3.5829261E+001  1.7164214E-002
 3.6020625E+001  1.5708211E-001
