-1.4943863E+001 -2.9440792E-001
-1.4752499E+001  2.2666006E-001
-1.4561135E+001  3.0772339E-001
-1.4369772E+001  4.0390501E-001
-1.4178408E+001 -3.2003590E-001
-1.3987044E+001  1.0422806E-002
-1.3795680E+001  1.8604768E-001
-1.3604317E+001  2.4965444E-001
-1.3412953E+001 -3.4543174E-001
-1.3221589E+001 -1.9502073E-001
-1.3030226E+001 -8.3658305E-003
-1.2838862E+001  5.9349788E-002
-1.2647498E+001  1.5111019E-001
-1.2456135E+001  1.3600471E-001
-1.2264771E+001  9.1174317E-002
-1.2073407E+001 -2.8935977E-001
-1.1882044E+001 -3.2215712E-001
-1.1690680E+001  2.9079358E-001
-1.1499316E+001  2.7060204E-001
-1.1307952E+001 -7.9644519E-002
-1.1116589E+001 -1.3586885E-001
-1.0925225E+001 -2.8625408E-001
-1.0733861E+001 -2.0403636E-001
-1.0542498E+001  1.1734893E-001
-1.0351134E+001  1.4954414E-001
-1.0159770E+001  3.5721978E-001
-9.9684070E+000  2.1509991E-001
-9.7770433E+000 -6.7410628E-002
-9.5856796E+000  1.0631407E-002
-9.3943159E+000  1.5692371E-001
-9.2029522E+000  9.7856450E-002
-9.0115886E+000 -5.5775284E-001
-8.8202249E+000  1.9002295E-002
-8.6288612E+000 -9.4067201E-002
-8.4374975E+000 -4.3079822E-001
-8.2461338E+000 -3.2818013E-002
-8.0547701E+000 -3.4130652E-002
-7.8634064E+000  2.5148529E-001
-7.6720427E+000 -8.6944786E-002
-7.4806790E+000  1.9191294E-001
-7.2893153E+000 -5.5867875E-002
-7.0979516E+000  5.3727457E-002
-6.9065879E+000  5.1807065E-001
-6.7152242E+000  1.1083018E-001
-6.5238605E+000  4.1117509E-002
-6.3324968E+000  2.4230394E-001
-6.1411331E+000  2.5237328E-001
-5.9497694E+000  4.2701154E-001
-5.7584057E+000  2.4921364E-001
-5.5670421E+000  3.1743857E-001
-5.3756784E+000 -1.3363605E-001
-5.1843147E+000  3.9980888E-002
-4.9929510E+000  4.4608734E-001
-4.8015873E+000  3.2261184E-001
-4.6102236E+000  6.0611149E-001
-4.4188599E+000  7.4331227E-001
-4.2274962E+000  5.5238351E-001
-4.0361325E+000  8.2788657E-001
-3.8447688E+000  8.0200234E-001
-3.6534051E+000  7.1975539E-001
-3.4620414E+000  6.3314628E-001
-3.2706777E+000  1.1364787E+000
-3.0793140E+000  8.7623579E-001
-2.8879503E+000  9.8950076E-001
-2.6965866E+000  9.2128385E-001
-2.5052229E+000  5.8662034E-001
-2.3138593E+000  1.2018322E+000
-2.1224956E+000  1.4083941E+000
-1.9311319E+000  1.4137966E+000
-1.7397682E+000  1.7538134E+000
-1.5484045E+000  1.2075326E+000
-1.3570408E+000  1.3971565E+000
-1.1656771E+000  1.3331440E+000
-9.7431344E-001  1.8127248E+000
-7.8294974E-001  1.4861080E+000
-5.9158605E-001  1.3286414E+000
-4.0022236E-001  1.2280655E+000
-2.0885866E-001  9.5736760E-001
-1.7494971E-002  1.5071970E+000
 1.7386872E-001  1.1509615E+000
 3.6523241E-001  9.7039797E-001
 5.5659611E-001  8.9944002E-001
 7.4795980E-001  7.7125558E-001
 9.3932349E-001  8.8307028E-001
 1.1306871E+000  5.9026158E-001
 1.3220508E+000  1.0702837E+000
 1.5134145E+000  6.0868173E-001
 1.7047782E+000  5.9864161E-001
 1.8961419E+000  3.6300246E-001
 2.0875056E+000  2.5667138E-002
 2.2788693E+000  2.0335391E-001
 2.4702330E+000  5.2844720E-001
 2.6615967E+000  4.5073528E-001
 2.8529604E+000  4.9345420E-001
 3.0443241E+000  1.8987073E-001
 3.2356878E+000  2.7459688E-001
 3.4270515E+000  1.3198583E-002
 3.6184152E+000  3.3507000E-001
 3.8097789E+000  1.4441982E-001
 4.0011426E+000  3.8634160E-001
 4.1925063E+000  5.1621696E-002
 4.3838699E+000  3.7260931E-001
 4.5752336E+000  6.9156738E-001
 4.7665973E+000 -1.0092544E-001
 4.9579610E+000  2.8673336E-001
 5.1493247E+000  3.0836840E-001
 5.3406884E+000  3.5165123E-002
 5.5320521E+000 -1.2264305E-001
 5.7234158E+000  4.6410039E-001
 5.9147795E+000  3.0225760E-001
 6.1061432E+000  1.1435869E-001
 6.2975069E+000  2.8961477E-001
 6.4888706E+000  3.2615143E-001
 6.6802343E+000  2.5378345E-001
 6.8715980E+000  1.5263159E-001
 7.0629617E+000  8.1143657E-002
 7.2543254E+000  3.9073044E-001
 7.4456891E+000 -1.7983928E-001
 7.6370527E+000 -3.1399695E-001
 7.8284164E+000  4.2864792E-001
 8.0197801E+000  1.6045306E-001
 8.2111438E+000  1.7217984E-001
 8.4025075E+000  1.4800360E-001
 8.5938712E+000 -1.4162097E-001
 8.7852349E+000 -8.6827523E-002
 8.9765986E+000 -6.8000240E-002
 9.1679623E+000 -7.2748868E-002
 9.3593260E+000 -3.3372115E-002
