 2.1705642E+001  6.2678317E-001
 2.1363147E+001  4.0639668E-001
 2.1020653E+001  2.0247101E-001
 2.0678158E+001 -6.5198569E-002
 2.0335664E+001 -5.5264775E-002
 1.9993170E+001  2.3477419E-001
 1.9650675E+001  1.9216972E-001
 1.9308181E+001  1.4317583E-002
 1.8965686E+001  2.1327110E-001
 1.8623192E+001  1.2459437E-001
 1.8280698E+001  2.6709754E-001
 1.7938203E+001  4.0001250E-001
 1.7595709E+001  3.5113895E-002
 1.7253214E+001  2.0524627E-001
 1.6910720E+001  1.4712207E-001
 1.6568226E+001  4.4757964E-001
 1.6225731E+001  6.2157696E-002
 1.5883237E+001  2.8215921E-001
 1.5540742E+001  2.8598181E-001
 1.5198248E+001  1.4221580E-001
 1.4855754E+001  1.0553658E-002
 1.4513259E+001  2.3260703E-001
 1.4170765E+001  4.0361495E-001
 1.3828270E+001  1.1088422E-001
 1.3485776E+001  5.4934915E-002
 1.3143282E+001 -6.8892756E-003
 1.2800787E+001  1.6232081E-002
 1.2458293E+001 -4.2253862E-002
 1.2115798E+001  1.1799424E-001
 1.1773304E+001  1.2787647E-001
 1.1430810E+001  3.1810914E-001
 1.1088315E+001 -3.6930952E-002
 1.0745821E+001 -4.5992310E-001
 1.0403326E+001 -1.3568690E-002
 1.0060832E+001  1.1042834E-002
 9.7183381E+000  8.3009337E-002
 9.3758437E+000  6.2888551E-002
 9.0333493E+000  1.3300855E-001
 8.6908549E+000 -9.8934788E-002
 8.3483605E+000  9.7375351E-002
 8.0058661E+000  1.5317064E-003
 7.6633717E+000  1.9861836E-001
 7.3208773E+000  9.9807788E-002
 6.9783829E+000  9.7112148E-002
 6.6358885E+000  3.3341553E-001
 6.2933941E+000  3.5187303E-003
 5.9508997E+000  2.1492543E-001
 5.6084053E+000  7.9188604E-002
 5.2659109E+000 -1.1918606E-001
 4.9234165E+000  3.1961414E-001
 4.5809221E+000  1.0360622E-001
 4.2384277E+000  2.3093056E-001
 3.8959333E+000 -2.2778272E-002
 3.5534389E+000  9.7845854E-002
 3.2109445E+000  1.5636869E-001
 2.8684501E+000  2.8341805E-001
 2.5259557E+000  2.1164980E-001
 2.1834613E+000  2.1716792E-001
 1.8409669E+000  3.6860370E-001
 1.4984725E+000 -5.1306743E-002
 1.1559781E+000  7.7428783E-002
 8.1348371E-001  8.0865832E-002
 4.7098931E-001  1.9590665E-001
 1.2849491E-001  2.5958724E-001
-2.1399948E-001  5.5233022E-001
-5.5649388E-001  5.6845570E-001
-8.9898828E-001  9.3100044E-001
-1.2414826E+000  1.1792662E+000
-1.5839770E+000  1.2039454E+000
-1.9264714E+000  1.1726801E+000
-2.2689658E+000  1.1588440E+000
-2.6114602E+000  1.3435590E+000
-2.9539546E+000  1.7995448E+000
-3.2964490E+000  1.5726027E+000
-3.6389434E+000  1.3568136E+000
-3.9814378E+000  1.2675274E+000
-4.3239322E+000  1.7233548E+000
-4.6664266E+000  1.0744386E+000
-5.0089210E+000  1.1026507E+000
-5.3514154E+000  8.4368355E-001
-5.6939098E+000  6.1377996E-001
-6.0364042E+000  4.8169477E-001
-6.3788986E+000  2.1972801E-001
-6.7213930E+000  3.4946594E-001
-7.0638874E+000  3.9055833E-001
-7.4063818E+000  3.1846219E-001
-7.7488762E+000 -5.6426312E-002
-8.0913706E+000  3.2599550E-001
-8.4338650E+000  5.4913413E-001
-8.7763594E+000  2.6683205E-001
-9.1188538E+000  5.4865495E-002
-9.4613482E+000  1.6571985E-002
-9.8038426E+000  3.5546637E-001
-1.0146337E+001 -1.3570950E-001
-1.0488831E+001  5.1366026E-001
-1.0831325E+001  3.5439831E-001
-1.1173820E+001  2.8235263E-001
-1.1516314E+001  4.0533017E-002
-1.1858809E+001  4.0232303E-002
-1.2201303E+001  7.6633166E-002
-1.2543797E+001  6.0343094E-003
-1.2886292E+001 -5.0950657E-002
-1.3228786E+001  1.3059758E-001
-1.3571281E+001 -8.4873510E-002
-1.3913775E+001  1.3204046E-001
-1.4256269E+001 -6.9468837E-002
-1.4598764E+001  9.1477920E-002
-1.4941258E+001  2.0995857E-001
-1.5283753E+001  7.5349449E-003
-1.5626247E+001 -1.5680583E-001
-1.5968741E+001 -1.1181303E-001
-1.6311236E+001  2.0213887E-001
-1.6653730E+001  3.7531280E-002
-1.6996225E+001  2.3444879E-001
-1.7338719E+001  4.0144031E-001
-1.7681213E+001  1.4725182E-001
-1.8023708E+001  3.1710081E-001
-1.8366202E+001  3.6685196E-002
-1.8708697E+001  4.1429363E-001
-1.9051191E+001  1.1407980E-001
-1.9393685E+001  7.2458388E-002
-1.9736180E+001 -2.7654638E-001
-2.0078674E+001 -4.5838768E-002
-2.0421169E+001  1.3866832E-001
-2.0763663E+001  2.0879003E-001
-2.1106157E+001  8.6857289E-002
-2.1448652E+001  1.1154493E-001
-2.1791146E+001  2.7203130E-001
