 2.7705551E+001 -4.7352732E-001
 2.7363057E+001  1.1575093E-002
 2.7020562E+001  7.3065032E-002
 2.6678068E+001  1.9030088E-001
 2.6335574E+001 -2.4394968E-001
 2.5993079E+001  8.1677504E-003
 2.5650585E+001  6.3688085E-003
 2.5308090E+001 -1.0892399E-001
 2.4965596E+001  7.0059704E-002
 2.4623102E+001 -2.6226493E-003
 2.4280607E+001  8.8807068E-002
 2.3938113E+001 -1.0216420E-001
 2.3595618E+001 -1.3638356E-001
 2.3253124E+001  3.2070780E-001
 2.2910630E+001  1.2096280E-001
 2.2568135E+001 -3.4722568E-001
 2.2225641E+001  2.3791246E-002
 2.1883146E+001  1.1718319E-002
 2.1540652E+001 -2.9799800E-001
 2.1198158E+001 -4.1049275E-001
 2.0855663E+001  3.0351085E-002
 2.0513169E+001  1.7403959E-001
 2.0170674E+001 -6.5847247E-002
 1.9828180E+001 -4.7259273E-003
 1.9485686E+001 -8.5901131E-002
 1.9143191E+001 -1.9703433E-001
 1.8800697E+001  2.0228857E-001
 1.8458202E+001 -1.3937483E-001
 1.8115708E+001 -1.1099036E-001
 1.7773214E+001  1.2436144E-001
 1.7430719E+001  1.9324802E-001
 1.7088225E+001 -2.3599947E-001
 1.6745730E+001  2.3437635E-002
 1.6403236E+001  2.6397386E-001
 1.6060742E+001  7.0820834E-002
 1.5718247E+001  9.9489427E-003
 1.5375753E+001 -5.9452384E-002
 1.5033258E+001  3.0565578E-001
 1.4690764E+001 -1.0761613E-003
 1.4348270E+001  2.1904054E-001
 1.4005775E+001 -8.5982904E-002
 1.3663281E+001  1.1829444E-001
 1.3320786E+001  3.0425434E-001
 1.2978292E+001  2.1385905E-001
 1.2635798E+001  1.3600612E-001
 1.2293303E+001  3.7438264E-001
 1.1950809E+001  3.1486727E-001
 1.1608314E+001  5.0567622E-001
 1.1265820E+001  5.0963178E-001
 1.0923326E+001  8.3064112E-001
 1.0580831E+001  6.8004459E-001
 1.0238337E+001  1.0157160E+000
 9.8958428E+000  9.7706935E-001
 9.5533484E+000  6.9537138E-001
 9.2108540E+000  6.5028995E-001
 8.8683596E+000  1.2429630E+000
 8.5258652E+000  8.3339788E-001
 8.1833708E+000  5.8232409E-001
 7.8408764E+000  2.3696739E-001
 7.4983820E+000  2.8029382E-001
 7.1558876E+000  3.0430970E-001
 6.8133932E+000  1.9747183E-001
 6.4708988E+000  3.2187896E-002
 6.1284044E+000  1.6382291E-001
 5.7859100E+000  9.4432257E-002
 5.4434156E+000  4.6006538E-002
 5.1009212E+000  2.2038969E-001
 4.7584268E+000 -2.1046422E-001
 4.4159324E+000 -2.2406653E-001
 4.0734380E+000  2.3591887E-001
 3.7309436E+000 -1.7508064E-002
 3.3884492E+000 -1.1053975E-002
 3.0459548E+000 -2.3299510E-001
 2.7034604E+000 -9.0054841E-002
 2.3609660E+000  1.9908230E-001
 2.0184716E+000  2.0665599E-002
 1.6759772E+000  1.3386880E-001
 1.3334828E+000  2.6312570E-001
 9.9098840E-001 -3.2450640E-004
 6.4849400E-001 -1.3588283E-001
 3.0599960E-001 -1.0381611E-001
-3.6494799E-002  6.7723748E-003
-3.7898920E-001 -4.3884104E-002
-7.2148360E-001  5.0920994E-002
-1.0639780E+000  2.5021988E-001
-1.4064724E+000  2.1707830E-001
-1.7489668E+000  5.0710011E-002
-2.0914612E+000 -4.3326306E-002
-2.4339556E+000  1.0888416E-001
-2.7764500E+000  1.8631926E-001
-3.1189444E+000 -7.9334002E-002
-3.4614388E+000  1.3309478E-001
-3.8039332E+000  2.3912532E-001
-4.1464276E+000 -2.3537393E-001
-4.4889220E+000  1.6599405E-001
-4.8314164E+000  1.8472476E-001
-5.1739108E+000  6.8443977E-002
-5.5164052E+000 -2.1573286E-001
-5.8588996E+000  5.2791684E-002
-6.2013940E+000 -5.2240759E-002
-6.5438884E+000  1.4590530E-001
-6.8863828E+000 -1.0387290E-001
-7.2288772E+000  5.2181880E-002
-7.5713716E+000  2.1129723E-001
-7.9138660E+000 -1.5045672E-002
-8.2563604E+000 -7.6429925E-002
-8.5988548E+000  2.3047233E-003
-8.9413492E+000 -3.3832151E-001
-9.2838436E+000  1.3897558E-001
-9.6263380E+000  1.2227110E-001
-9.9688324E+000  1.7682683E-001
-1.0311326E+001  1.3360335E-001
-1.0653821E+001 -1.0524335E-001
-1.0996315E+001  1.5798836E-001
-1.1338810E+001 -3.3461421E-001
-1.1681304E+001 -2.3169436E-003
-1.2023798E+001 -3.1812202E-002
-1.2366293E+001 -1.7637899E-001
-1.2708787E+001 -8.5214429E-002
-1.3051282E+001 -7.4667493E-002
-1.3393776E+001 -1.5520719E-001
-1.3736270E+001 -1.5204431E-001
-1.4078765E+001  2.6070211E-002
-1.4421259E+001 -8.4554157E-002
-1.4763754E+001  8.4964679E-002
-1.5106248E+001 -3.5164504E-001
-1.5448742E+001 -1.1935206E-001
-1.5791237E+001 -2.8246592E-001
