-7.4044074E+001  2.8430432E-001
-7.3852710E+001 -8.0683401E-002
-7.3661346E+001  2.0184148E-001
-7.3469983E+001 -2.1559928E-001
-7.3278619E+001 -2.6159093E-002
-7.3087255E+001  5.5949217E-002
-7.2895891E+001 -1.6494710E-001
-7.2704528E+001 -1.1068333E-002
-7.2513164E+001 -6.3850373E-003
-7.2321800E+001  1.8862757E-002
-7.2130437E+001  1.0965986E-001
-7.1939073E+001 -9.3480236E-002
-7.1747709E+001 -2.6343052E-001
-7.1556346E+001  5.8803350E-002
-7.1364982E+001 -3.2535800E-002
-7.1173618E+001  1.7745497E-002
-7.0982255E+001 -5.1469830E-003
-7.0790891E+001 -1.6275692E-001
-7.0599527E+001  1.6376417E-001
-7.0408163E+001  1.4197909E-001
-7.0216800E+001 -1.4579529E-001
-7.0025436E+001 -9.3524271E-002
-6.9834072E+001  4.3022716E-002
-6.9642709E+001  5.7197460E-002
-6.9451345E+001 -1.5698400E-002
-6.9259981E+001  6.1480152E-002
-6.9068618E+001 -1.6054321E-001
-6.8877254E+001  1.6866016E-001
-6.8685890E+001  2.9323814E-002
-6.8494526E+001 -1.8483487E-001
-6.8303163E+001  9.2301267E-002
-6.8111799E+001  7.9971850E-002
-6.7920435E+001 -9.0353180E-002
-6.7729072E+001 -8.1414597E-002
-6.7537708E+001  1.9768619E-001
-6.7346344E+001 -5.6115106E-002
-6.7154981E+001  1.3355365E-001
-6.6963617E+001 -3.7521996E-002
-6.6772253E+001  8.8921621E-003
-6.6580890E+001  7.6212191E-002
-6.6389526E+001  1.5583216E-001
-6.6198162E+001  4.7444012E-002
-6.6006798E+001 -8.0729131E-002
-6.5815435E+001  2.1468060E-001
-6.5624071E+001  4.2811886E-001
-6.5432707E+001  1.9836110E-001
-6.5241344E+001  3.1915649E-001
-6.5049980E+001  2.7869935E-001
-6.4858616E+001  3.4365328E-001
-6.4667253E+001  3.8975249E-001
-6.4475889E+001  2.9985429E-001
-6.4284525E+001  2.7541108E-001
-6.4093162E+001  2.9535966E-001
-6.3901798E+001  4.8478560E-001
-6.3710434E+001  5.2006291E-001
-6.3519070E+001  3.9944084E-001
-6.3327707E+001  6.1601314E-001
-6.3136343E+001  2.9266772E-001
-6.2944979E+001  4.7218438E-001
-6.2753616E+001  3.7721414E-001
-6.2562252E+001  3.2643902E-001
-6.2370888E+001  3.3495430E-001
-6.2179525E+001  1.6879670E-001
-6.1988161E+001  1.4910398E-001
-6.1796797E+001  1.6805291E-001
-6.1605433E+001  1.9152652E-001
-6.1414070E+001  2.0907203E-001
-6.1222706E+001  1.5998578E-002
-6.1031342E+001  3.0299561E-001
-6.0839979E+001  1.9671599E-001
-6.0648615E+001  1.0157719E-001
-6.0457251E+001 -4.6107596E-002
-6.0265888E+001 -1.1955140E-001
-6.0074524E+001  3.6917452E-002
-5.9883160E+001  1.4473445E-001
-5.9691797E+001 -1.0809481E-001
-5.9500433E+001  5.2786738E-002
-5.9309069E+001  1.3021897E-001
-5.9117705E+001 -1.2294853E-001
-5.8926342E+001 -7.0578352E-002
-5.8734978E+001 -1.3335316E-001
-5.8543614E+001 -8.8388189E-002
-5.8352251E+001  7.6949579E-002
-5.8160887E+001  1.3448769E-001
-5.7969523E+001 -2.4084676E-001
-5.7778160E+001 -2.2309399E-001
-5.7586796E+001  9.4207531E-003
-5.7395432E+001  3.4044041E-003
-5.7204069E+001  9.6335047E-002
-5.7012705E+001 -2.5478423E-001
-5.6821341E+001  1.4324840E-001
-5.6629977E+001 -1.0529189E-001
-5.6438614E+001  7.0143712E-002
-5.6247250E+001 -2.0229707E-001
-5.6055886E+001 -1.4648749E-001
-5.5864523E+001 -4.3919977E-002
-5.5673159E+001  3.9440093E-002
-5.5481795E+001 -5.6016994E-003
-5.5290432E+001 -2.2229524E-001
-5.5099068E+001 -7.3687084E-002
-5.4907704E+001 -1.9778504E-003
-5.4716341E+001 -1.1170127E-001
-5.4524977E+001  6.0175006E-002
-5.4333613E+001  9.8296799E-002
-5.4142249E+001  1.6666738E-001
-5.3950886E+001 -1.4312587E-001
-5.3759522E+001 -1.3501254E-001
-5.3568158E+001 -1.9286435E-001
-5.3376795E+001 -4.5030262E-002
-5.3185431E+001  1.9740051E-001
-5.2994067E+001 -8.5429365E-002
-5.2802704E+001  1.4299632E-002
-5.2611340E+001 -2.8717123E-002
-5.2419976E+001  1.0560870E-001
-5.2228612E+001  8.8091844E-003
-5.2037249E+001 -9.3257137E-002
-5.1845885E+001 -1.3478302E-002
-5.1654521E+001 -7.0148288E-002
-5.1463158E+001 -1.8743984E-001
-5.1271794E+001 -8.4305945E-002
-5.1080430E+001  1.5331135E-002
-5.0889067E+001 -3.1799037E-002
-5.0697703E+001  2.1474688E-001
-5.0506339E+001 -1.6024804E-002
-5.0314976E+001 -7.7914286E-002
-5.0123612E+001  9.4201817E-002
-4.9932248E+001  2.4403677E-002
-4.9740884E+001  9.9341539E-002
