 7.8115622E+001  6.5662274E-002
 7.7773128E+001 -1.9486336E-001
 7.7430633E+001 -2.4344122E-002
 7.7088139E+001 -9.0830351E-002
 7.6745645E+001  2.6702475E-002
 7.6403150E+001 -4.5212234E-002
 7.6060656E+001 -1.2002670E-001
 7.5718161E+001 -9.4950987E-002
 7.5375667E+001 -5.5452428E-002
 7.5033173E+001 -3.3898316E-002
 7.4690678E+001  5.6910990E-002
 7.4348184E+001 -6.8839905E-002
 7.4005689E+001 -6.1233219E-002
 7.3663195E+001 -4.5045015E-002
 7.3320701E+001  3.6492381E-002
 7.2978206E+001  2.7212442E-002
 7.2635712E+001 -6.9215002E-002
 7.2293217E+001 -3.4115851E-002
 7.1950723E+001 -1.2098311E-001
 7.1608229E+001 -1.9325137E-001
 7.1265734E+001 -2.2205092E-002
 7.0923240E+001  4.3849844E-002
 7.0580745E+001 -4.1211096E-002
 7.0238251E+001  1.0384364E-001
 6.9895757E+001  1.1646607E-001
 6.9553262E+001  2.4288462E-002
 6.9210768E+001 -4.8349880E-002
 6.8868273E+001 -9.3899536E-002
 6.8525779E+001 -1.8808210E-001
 6.8183285E+001  7.3874128E-002
 6.7840790E+001 -2.0645422E-002
 6.7498296E+001 -5.6787613E-002
 6.7155801E+001  5.9255417E-003
 6.6813307E+001 -3.8701226E-002
 6.6470813E+001 -1.5309471E-003
 6.6128318E+001 -1.2863422E-001
 6.5785824E+001 -1.4564706E-002
 6.5443329E+001 -6.1045736E-002
 6.5100835E+001  1.5820231E-002
 6.4758341E+001  5.0419337E-002
 6.4415846E+001  3.9345436E-002
 6.4073352E+001 -5.0757356E-002
 6.3730857E+001  4.6786645E-002
 6.3388363E+001  2.7019657E-002
 6.3045869E+001  8.5063997E-002
 6.2703374E+001  2.7704304E-002
 6.2360880E+001  1.8101953E-002
 6.2018385E+001  1.2281932E-001
 6.1675891E+001 -9.7089356E-002
 6.1333397E+001  4.6808315E-002
 6.0990902E+001 -6.5575383E-003
 6.0648408E+001  4.5138008E-002
 6.0305913E+001 -4.5655274E-002
 5.9963419E+001  1.1997488E-001
 5.9620925E+001  9.6802696E-002
 5.9278430E+001  2.4872978E-001
 5.8935936E+001  2.4985046E-001
 5.8593441E+001  2.1476440E-001
 5.8250947E+001  3.1631484E-001
 5.7908453E+001  2.1865105E-001
 5.7565958E+001  1.9441199E-001
 5.7223464E+001  1.4732731E-001
 5.6880969E+001  2.0056623E-001
 5.6538475E+001  2.7103498E-002
 5.6195981E+001  1.2403276E-001
 5.5853486E+001  1.6392006E-001
 5.5510992E+001  1.2133236E-001
 5.5168497E+001  3.3710804E-002
 5.4826003E+001 -5.6421591E-002
 5.4483509E+001  2.3336376E-002
 5.4141014E+001 -5.6608781E-002
 5.3798520E+001 -4.5662764E-002
 5.3456025E+001 -6.8846026E-002
 5.3113531E+001  1.8074712E-001
 5.2771037E+001 -4.7000405E-002
 5.2428542E+001 -1.6499320E-001
 5.2086048E+001 -7.2594409E-002
 5.1743553E+001  5.6094645E-002
 5.1401059E+001 -5.9768082E-002
 5.1058565E+001 -9.2708935E-002
 5.0716070E+001  2.3810005E-002
 5.0373576E+001 -2.7123972E-002
 5.0031081E+001 -4.7399171E-002
 4.9688587E+001 -7.7395049E-004
 4.9346093E+001 -1.1962364E-001
 4.9003598E+001 -2.0275533E-002
 4.8661104E+001 -8.3784587E-002
 4.8318609E+001 -6.9912807E-002
 4.7976115E+001  3.6990283E-003
 4.7633621E+001 -1.3862191E-002
 4.7291126E+001  1.0803330E-002
 4.6948632E+001  1.3424459E-002
 4.6606137E+001 -5.8255598E-003
 4.6263643E+001  3.6064087E-002
 4.5921149E+001 -5.2087067E-002
 4.5578654E+001 -2.6347624E-002
 4.5236160E+001  5.4567332E-002
 4.4893665E+001 -3.5473172E-002
 4.4551171E+001 -2.6210227E-001
 4.4208677E+001 -6.1759957E-002
 4.3866182E+001  2.4751044E-002
 4.3523688E+001 -3.2147832E-001
 4.3181193E+001  2.3701047E-001
 4.2838699E+001  1.6905314E-001
 4.2496205E+001 -1.0695275E-001
 4.2153710E+001  3.1778971E-003
 4.1811216E+001 -6.8461053E-002
 4.1468721E+001 -8.2657001E-002
 4.1126227E+001  5.2054474E-002
 4.0783733E+001 -1.4921203E-001
 4.0441238E+001  1.3576631E-002
 4.0098744E+001 -5.8394859E-002
 3.9756249E+001  6.5489808E-002
 3.9413755E+001  5.1252693E-002
 3.9071261E+001 -4.1844218E-003
 3.8728766E+001 -1.2051864E-001
 3.8386272E+001 -1.2515125E-001
 3.8043777E+001  4.3989654E-002
 3.7701283E+001  1.5553195E-001
 3.7358789E+001 -7.2611159E-002
 3.7016294E+001 -5.0433344E-002
 3.6673800E+001 -1.0507228E-001
 3.6331305E+001  4.1649732E-002
 3.5988811E+001 -7.4997271E-002
 3.5646317E+001  2.2476116E-002
 3.5303822E+001  1.7111147E-001
 3.4961328E+001 -8.9048529E-002
 3.4618833E+001  6.0894504E-002
