 4.4295522E+001 -1.7328357E-001
 4.3953028E+001 -1.4483543E-002
 4.3610533E+001  1.9427525E-002
 4.3268039E+001  8.1388148E-003
 4.2925545E+001 -1.0821723E-002
 4.2583050E+001 -1.0995314E-001
 4.2240556E+001 -1.7831784E-001
 4.1898061E+001 -8.0938447E-003
 4.1555567E+001 -9.9571610E-003
 4.1213073E+001  8.0218337E-002
 4.0870578E+001  9.1916715E-002
 4.0528084E+001  3.5158239E-002
 4.0185589E+001  7.3192566E-002
 3.9843095E+001 -4.3515761E-002
 3.9500601E+001  4.4018969E-002
 3.9158106E+001 -2.8070479E-002
 3.8815612E+001  8.1697020E-002
 3.8473117E+001 -1.5953544E-001
 3.8130623E+001 -1.2742905E-001
 3.7788129E+001 -2.7318652E-002
 3.7445634E+001 -4.2010487E-002
 3.7103140E+001 -9.0858391E-002
 3.6760645E+001  5.9355540E-002
 3.6418151E+001 -1.0688588E-001
 3.6075657E+001  1.2956903E-001
 3.5733162E+001 -9.1440991E-002
 3.5390668E+001 -4.2746209E-002
 3.5048173E+001  5.2315968E-002
 3.4705679E+001  2.1324420E-001
 3.4363185E+001  3.2776110E-002
 3.4020690E+001 -3.5537525E-002
 3.3678196E+001 -1.7614399E-002
 3.3335701E+001  1.6631824E-001
 3.2993207E+001 -5.4620623E-002
 3.2650713E+001 -2.0582808E-003
 3.2308218E+001 -9.9288358E-002
 3.1965724E+001  6.4538484E-002
 3.1623229E+001  1.4459527E-001
 3.1280735E+001  4.2415434E-002
 3.0938241E+001  1.5753335E-001
 3.0595746E+001  6.0716429E-002
 3.0253252E+001 -1.1332861E-001
 2.9910757E+001  7.7877128E-002
 2.9568263E+001 -1.0487067E-001
 2.9225769E+001  2.1881917E-002
 2.8883274E+001 -3.1998439E-002
 2.8540780E+001  2.2523770E-001
 2.8198285E+001  4.4567200E-002
 2.7855791E+001  1.8231549E-001
 2.7513297E+001  1.9692800E-002
 2.7170802E+001  1.7787664E-001
 2.6828308E+001  1.4545121E-001
 2.6485813E+001  1.8666370E-001
 2.6143319E+001  1.9466233E-001
 2.5800825E+001  8.9886744E-003
 2.5458330E+001  1.4013925E-002
 2.5115836E+001  6.2246234E-002
 2.4773341E+001  2.1937876E-001
 2.4430847E+001  2.0269012E-001
 2.4088353E+001  1.8661602E-001
 2.3745858E+001  3.4627253E-001
 2.3403364E+001  5.3337526E-001
 2.3060869E+001  6.9096786E-001
 2.2718375E+001  7.4157449E-001
 2.2375881E+001  8.9350483E-001
 2.2033386E+001  8.6705771E-001
 2.1690892E+001  8.4495326E-001
 2.1348397E+001  7.2176065E-001
 2.1005903E+001  3.9191428E-001
 2.0663409E+001  3.2328210E-001
 2.0320914E+001  3.2103015E-001
 1.9978420E+001  1.2586066E-001
 1.9635925E+001  1.3483502E-001
 1.9293431E+001  1.9701002E-002
 1.8950937E+001  8.8858128E-002
 1.8608442E+001  1.2995215E-001
 1.8265948E+001 -1.2838438E-001
 1.7923453E+001  9.3852440E-002
 1.7580959E+001  7.5868627E-003
 1.7238465E+001 -1.4465680E-002
 1.6895970E+001  5.2947443E-002
 1.6553476E+001  1.2663411E-001
 1.6210981E+001  8.4946397E-002
 1.5868487E+001  2.9805996E-002
 1.5525993E+001 -6.3106791E-002
 1.5183498E+001  7.2453935E-002
 1.4841004E+001  3.3615686E-001
 1.4498509E+001  6.0405281E-002
 1.4156015E+001  8.8640762E-002
 1.3813521E+001 -6.5053661E-002
 1.3471026E+001  5.0430715E-003
 1.3128532E+001 -1.8060300E-002
 1.2786037E+001 -3.7755793E-002
 1.2443543E+001 -5.4175511E-002
 1.2101049E+001 -1.1456259E-001
 1.1758554E+001 -3.6424107E-002
 1.1416060E+001  4.3321757E-002
 1.1073565E+001 -7.0479666E-002
 1.0731071E+001 -9.0152866E-002
 1.0388577E+001 -3.9925583E-002
 1.0046082E+001  1.0743062E-001
 9.7035882E+000  4.8032412E-003
 9.3610938E+000 -6.4895150E-003
 9.0185994E+000 -1.2876267E-001
 8.6761050E+000 -2.4446598E-001
 8.3336106E+000  3.2542976E-003
 7.9911162E+000  8.1029444E-002
 7.6486218E+000 -1.1403245E-001
 7.3061274E+000 -2.8550293E-002
 6.9636330E+000 -7.0039871E-002
 6.6211386E+000 -5.5332466E-002
 6.2786442E+000 -3.4833797E-002
 5.9361498E+000  1.9731324E-002
 5.5936554E+000 -5.5749531E-002
 5.2511610E+000  1.1082616E-001
 4.9086666E+000  1.2420534E-001
 4.5661722E+000  2.2713255E-002
 4.2236778E+000 -7.7982037E-002
 3.8811834E+000 -2.1353103E-003
 3.5386890E+000 -1.2319291E-001
 3.1961946E+000  3.2067592E-002
 2.8537002E+000 -8.9148292E-002
 2.5112058E+000 -6.3815317E-002
 2.1687114E+000  1.9581786E-001
 1.8262170E+000  4.8725735E-002
 1.4837226E+000 -3.8900954E-002
 1.1412282E+000 -1.5254133E-002
 7.9873380E-001  2.1837466E-002
