 2.5505462E+001  3.4615870E-001
 2.5162968E+001  1.1161163E-001
 2.4820473E+001  6.1073539E-002
 2.4477979E+001  8.8553447E-002
 2.4135485E+001  5.6234501E-002
 2.3792990E+001  3.7277395E-002
 2.3450496E+001  1.3332001E-002
 2.3108001E+001  1.2417910E-001
 2.2765507E+001  4.1472390E-004
 2.2423013E+001  2.9791850E-002
 2.2080518E+001  7.0101505E-002
 2.1738024E+001 -1.1124165E-002
 2.1395529E+001 -9.2113504E-002
 2.1053035E+001  5.2585729E-002
 2.0710541E+001  9.8100893E-002
 2.0368046E+001  1.1094119E-001
 2.0025552E+001  7.5107325E-002
 1.9683057E+001  2.1309606E-002
 1.9340563E+001  1.3601894E-002
 1.8998069E+001  8.0227172E-002
 1.8655574E+001  2.6137538E-002
 1.8313080E+001  1.4757437E-001
 1.7970585E+001 -9.5947989E-003
 1.7628091E+001 -3.5112026E-002
 1.7285597E+001  7.4354939E-002
 1.6943102E+001  6.4818966E-002
 1.6600608E+001  1.7504879E-001
 1.6258113E+001  2.8948593E-002
 1.5915619E+001  1.2350786E-003
 1.5573125E+001  7.7420479E-002
 1.5230630E+001  2.5829955E-002
 1.4888136E+001 -8.5021069E-002
 1.4545641E+001 -1.4553198E-001
 1.4203147E+001 -8.8593408E-002
 1.3860653E+001 -1.4801480E-001
 1.3518158E+001  6.5655293E-002
 1.3175664E+001  5.9551590E-002
 1.2833169E+001 -1.2146071E-001
 1.2490675E+001  2.3048072E-002
 1.2148181E+001  8.2619538E-002
 1.1805686E+001  4.7768890E-002
 1.1463192E+001 -1.6591661E-001
 1.1120697E+001  5.6740814E-003
 1.0778203E+001  6.8324758E-002
 1.0435709E+001  9.1693541E-002
 1.0093214E+001  2.9473018E-002
 9.7507202E+000  7.4411545E-002
 9.4082258E+000  1.0461439E-001
 9.0657314E+000  1.1516907E-001
 8.7232370E+000  4.3833161E-002
 8.3807426E+000  1.7940559E-001
 8.0382482E+000  1.7763645E-001
 7.6957538E+000  4.6351862E-002
 7.3532594E+000  1.0624056E-001
 7.0107650E+000 -6.4102262E-002
 6.6682706E+000  7.1646968E-002
 6.3257762E+000  1.4985188E-001
 5.9832818E+000  1.0505169E-001
 5.6407874E+000  2.6418336E-001
 5.2982930E+000  1.3767226E-001
 4.9557986E+000 -8.6025187E-003
 4.6133042E+000  2.8058101E-001
 4.2708098E+000  1.6543762E-001
 3.9283154E+000  2.0042934E-001
 3.5858210E+000  2.6105744E-001
 3.2433266E+000  2.5209578E-001
 2.9008322E+000  5.8815882E-001
 2.5583378E+000  5.2631652E-001
 2.2158434E+000  6.2914102E-001
 1.8733490E+000  5.9552011E-001
 1.5308546E+000  7.1689399E-001
 1.1883602E+000  7.2394427E-001
 8.4586580E-001  8.6016491E-001
 5.0337140E-001  8.9381218E-001
 1.6087700E-001  9.7126286E-001
-1.8161740E-001  1.2189223E+000
-5.2411180E-001  1.0368730E+000
-8.6660620E-001  9.9181011E-001
-1.2091006E+000  8.5574575E-001
-1.5515950E+000  5.5097336E-001
-1.8940894E+000  3.1855457E-001
-2.2365838E+000  3.0193809E-001
-2.5790782E+000  3.7525039E-001
-2.9215726E+000  2.8936566E-001
-3.2640670E+000  3.7212359E-001
-3.6065614E+000  3.2514080E-001
-3.9490558E+000  3.6663370E-001
-4.2915502E+000  2.4430770E-001
-4.6340446E+000  2.0851656E-001
-4.9765390E+000  1.4845755E-001
-5.3190334E+000  2.0809449E-001
-5.6615278E+000  5.8951798E-002
-6.0040222E+000  8.7259819E-002
-6.3465166E+000  1.3947025E-001
-6.6890110E+000  2.2759710E-002
-7.0315054E+000 -1.5170719E-001
-7.3739998E+000  2.3390213E-001
-7.7164942E+000  1.1288695E-001
-8.0589886E+000  9.1468188E-002
-8.4014830E+000  5.5234276E-002
-8.7439774E+000 -3.4890663E-002
-9.0864718E+000  1.5421505E-001
-9.4289662E+000  2.5951225E-001
-9.7714606E+000  4.7189782E-003
-1.0113955E+001 -5.7806834E-002
-1.0456449E+001  1.4580553E-001
-1.0798943E+001  3.8964140E-003
-1.1141438E+001  1.3587114E-001
-1.1483932E+001 -9.4649452E-002
-1.1826427E+001  5.1451516E-002
-1.2168921E+001  6.7388968E-003
-1.2511415E+001 -1.1527233E-001
-1.2853910E+001  2.2855924E-002
-1.3196404E+001 -2.7011207E-002
-1.3538899E+001 -8.4474685E-002
-1.3881393E+001  1.6421034E-001
-1.4223887E+001  6.6960865E-002
-1.4566382E+001 -6.9945449E-002
-1.4908876E+001 -2.9781225E-002
-1.5251371E+001  3.8492723E-002
-1.5593865E+001 -4.8240730E-002
-1.5936359E+001  2.7910995E-002
-1.6278854E+001  1.0478668E-001
-1.6621348E+001 -6.0146485E-002
-1.6963843E+001  1.2160598E-001
-1.7306337E+001  4.7983327E-002
-1.7648831E+001  1.6958190E-002
-1.7991326E+001 -9.9892999E-002
