 2.1205324E+001  5.9024631E-001
 2.0862829E+001  1.7740846E-001
 2.0520335E+001  3.6016112E-002
 2.0177841E+001  3.5063113E-001
 1.9835346E+001  1.9187572E-001
 1.9492852E+001 -1.3297136E-001
 1.9150357E+001  2.0330129E-001
 1.8807863E+001  9.2339537E-003
 1.8465369E+001 -2.5733858E-001
 1.8122874E+001  1.1788412E-001
 1.7780380E+001 -2.2438808E-002
 1.7437885E+001  2.0839831E-002
 1.7095391E+001  2.3979928E-001
 1.6752897E+001  2.3285698E-001
 1.6410402E+001 -2.0268084E-001
 1.6067908E+001  1.6636234E-001
 1.5725413E+001 -1.1640667E-001
 1.5382919E+001  2.8681138E-002
 1.5040425E+001 -8.7544063E-002
 1.4697930E+001  2.6028407E-002
 1.4355436E+001  2.3223306E-001
 1.4012941E+001  3.7812854E-001
 1.3670447E+001 -2.8018351E-002
 1.3327953E+001  4.8555645E-002
 1.2985458E+001 -6.8848384E-002
 1.2642964E+001  1.6771604E-001
 1.2300469E+001 -3.8016767E-002
 1.1957975E+001  1.9292854E-001
 1.1615481E+001  5.1235763E-002
 1.1272986E+001  7.1197322E-002
 1.0930492E+001  3.3291829E-002
 1.0587997E+001 -1.9577464E-001
 1.0245503E+001  1.8410118E-001
 9.9030091E+000  4.0212086E-001
 9.5605147E+000  1.8026061E-002
 9.2180203E+000 -1.0320324E-001
 8.8755259E+000  6.0021809E-002
 8.5330315E+000  1.2563787E-001
 8.1905371E+000 -7.2377981E-002
 7.8480427E+000  4.4170476E-003
 7.5055483E+000  9.1894038E-002
 7.1630539E+000  3.0239585E-001
 6.8205595E+000 -1.6444604E-001
 6.4780651E+000  4.0487890E-001
 6.1355707E+000  1.9566821E-001
 5.7930763E+000  3.6223217E-001
 5.4505819E+000  2.9990147E-001
 5.1080875E+000  1.6089450E-001
 4.7655931E+000 -6.7035070E-003
 4.4230987E+000  1.4359272E-001
 4.0806043E+000  1.2812427E-001
 3.7381099E+000  3.4894268E-001
 3.3956155E+000  3.0194692E-001
 3.0531211E+000  3.4999804E-001
 2.7106267E+000  2.7433270E-001
 2.3681323E+000  4.3648933E-001
 2.0256379E+000  4.0733485E-001
 1.6831435E+000  4.8635091E-001
 1.3406491E+000  5.1600817E-001
 9.9815470E-001  4.8711644E-001
 6.5566030E-001  9.9249398E-001
 3.1316590E-001  5.9868120E-001
-2.9328500E-002  7.4599691E-001
-3.7182290E-001  3.3910188E-001
-7.1431730E-001  5.6896459E-001
-1.0568117E+000 -5.7991140E-002
-1.3993061E+000  5.5253402E-002
-1.7418005E+000  4.4713315E-001
-2.0842949E+000  2.7646403E-001
-2.4267893E+000  7.2182140E-002
-2.7692837E+000 -3.7219924E-002
-3.1117781E+000  2.6362814E-001
-3.4542725E+000  9.4652566E-002
-3.7967669E+000  3.2771000E-002
-4.1392613E+000 -5.6237924E-002
-4.4817557E+000  2.0002484E-001
-4.8242501E+000  1.8152504E-001
-5.1667445E+000  1.4622564E-001
-5.5092389E+000 -4.5504357E-002
-5.8517333E+000 -5.8812865E-002
-6.1942277E+000  2.3058610E-001
-6.5367221E+000 -1.9837010E-002
-6.8792165E+000  5.3922370E-002
-7.2217109E+000  2.6607575E-001
-7.5642053E+000  2.0471841E-001
-7.9066997E+000  9.3591074E-002
-8.2491941E+000  1.3155363E-001
-8.5916885E+000 -2.5199091E-002
-8.9341829E+000 -1.2794280E-001
-9.2766773E+000  1.6536492E-001
-9.6191717E+000  1.4623415E-001
-9.9616661E+000  2.6559595E-001
-1.0304160E+001  7.6293230E-002
-1.0646654E+001  2.2222785E-001
-1.0989149E+001  1.4578070E-001
-1.1331643E+001  1.3653755E-001
-1.1674138E+001  3.5879382E-001
-1.2016632E+001  6.2407219E-002
-1.2359126E+001 -9.3875138E-002
-1.2701621E+001  1.6330967E-002
-1.3044115E+001  1.6361410E-001
-1.3386610E+001  1.4657075E-001
-1.3729104E+001  1.6507048E-001
-1.4071598E+001  5.5413470E-001
-1.4414093E+001 -6.2088647E-001
-1.4756587E+001  7.6284665E-002
-1.5099082E+001  1.0856594E-001
-1.5441576E+001  1.4726529E-001
-1.5784070E+001  1.4942017E-001
-1.6126565E+001 -6.2818408E-003
-1.6469059E+001  1.4029237E-001
-1.6811554E+001  2.0992360E-001
-1.7154048E+001  1.5101255E-001
-1.7496542E+001  1.9020179E-001
-1.7839037E+001  8.2325207E-002
-1.8181531E+001  1.8497793E-001
-1.8524026E+001  1.6236321E-001
-1.8866520E+001  4.5248505E-002
-1.9209014E+001 -1.8962608E-001
-1.9551509E+001 -1.6580281E-004
-1.9894003E+001  2.5159843E-002
-2.0236498E+001 -1.0635177E-001
-2.0578992E+001 -6.3876019E-002
-2.0921486E+001 -1.3278358E-001
-2.1263981E+001  2.6680010E-001
-2.1606475E+001  2.1760570E-001
-2.1948970E+001 -8.3787917E-002
-2.2291464E+001  2.8994794E-001
