# -* coding: utf8 -*-
#Name RA1950 Dec1950 #_of_line_components Area_Tint Vlsr deltaV Ta* source_type
#У Ларионова часто для одного источника приведены данные для нескольких линий на разных лучевых скоростях - в этой таблице это не учтено, а для каждого ID источника взята только первая линия...
LkHα198      00 08 47.9  58 33 09 1   0.5 (0.1)   0.3 (0.1)  1.4 (0.2) 0.4     BO
00213+6530    00 21 22.0  65 30 25 1   0.7 (0.1) -21.5 (0.3)  3.2 (0.9) 0.2     BO
00259+6510    00 25 59.8  65 10 12 1   1.4 (0.1) -17.2 (0.1)  1.9 (0.1) 0.7     BO
L1293         00 37 57.4  62 48 26 1   2.6 (0.1) -17.6 (0.1)  2.0 (0.1) 1.3     BO
NGC281-W     00 49 27.8  56 17 28 1   2.2 (0.4) -28.5 (0.1) 15.6 (2.0) 0.1   MMII, BO
NGC281-E     00 51 18.0  56 17 07 1   1.3 (0.2) -29.7 (0.2)  4.2 (0.5) 0.3     BO
S187-IRS      01 19 58.0  61 33 08 1   0.5 (0.1) -13.4 (0.1)  1.6 (0.2) 0.3     BO
IC1805-W      02 25 14.5  61 20 10 1   4.4 (0.2) -50.3 (0.3) 10.3 (0.7) 0.4     BO
RNO13         03 22 04.7  30 35 49 1   0.9 (0.1)   3.7 (0.3)  5.2 (0.7) 0.2     BO
L1448(U-Star) 03 22 33.5  30 33 34 1   0.6 (0.2)   9.0 (0.9)  5.2 (2.0) 0.1     BO
L1455-M       03 24 22.0  30 05 24 1   0.9 (0.2)   7.1 (0.6)  5.6 (0.7) 0.2     BO
L1455         03 24 34.9  30 02 36 1   2.9 (0.1)   5.2 (0.1)  2.4 (0.1) 1.2     BO
L1455-NW      03 25 00.0  30 00 00 1   0.9 (0.1)   5.3 (0.1)  1.9 (0.2) 0.4     BO
LkHα325      03 25 47.8  30 34 43 1   1.4 (0.1)   5.0 (0.2)  8.0 (0.6) 0.2     BO
03262+3108    03 26 14.7  31 08 16 1   1.2 (0.2)   7.8 (0.3)  4.5 (0.6) 0.2     BO
TTau         04 19 02.4  19 25 00 1   1.1 (0.1)   8.5 (0.1)  1.6 (0.1) 0.6     BO
04191+1523    04 19 08.5  15 23 16 1   0.3 (0.1)   1.3 (0.2)  2.6 (0.4) 0.1     BO
L1524         04 26 21.7  24 26 26 1   1.3 (0.1)   6.4 (0.1)  1.8 (0.1) 0.7     BO
04269+3108    04 26 54.5  35 07 57 1   0.3 (0.1)   0.6 (0.2)  1.5 (0.4) 0.2     BO
L1529         04 29 43.4  24 13 54 1   0.8 (0.1)   6.7 (0.1)  1.4 (0.2) 0.5     BO
IC2087        04 36 54.6  25 39 17 1   0.3 (0.1)   6.7 (0.1)  1.7 (0.2) 0.2     BO
L1634         05 17 21.9 -05 55 05 1   1.5 (0.1)   8.3 (0.1)  1.4 (0.1) 1.0     BO
RNO43         05 29 38.0  12 51 08 1   0.6 (0.1)  11.4 (0.3)  5.1 (0.7) 0.1     BO
RNO43-N       05 29 38.0  12 55 08 1   1.3 (0.1)  10.6 (0.1)  3.9 (0.2) 0.3     BO
RNO43IRS2     05 30 05.3  12 51 08 1   0.4 (0.1)  10.3 (0.2)  1.9 (0.4) 0.2     BO
OriA-W       05 30 14.5 -05 37 52 1   1.3 (0.4)  10.3 (0.8)  6.1 (1.1) 0.2     BO
05329-0512    05 32 58.7 -05 12 11 1   4.8 (0.3)  11.1 (0.1)  4.6 (0.2) 1.0     BO
L1641-N       05 33 52.7 -06 24 02 1   2.7 (0.5)   8.6 (0.4)  4.7 (0.3) 0.5     BO
NGC1999      05 33 59.4 -06 44 45 1   0.6 (0.2)  12.5 (0.7)  3.5 (1.0) 0.2     BO
AFGL5157      05 34 32.6  31 57 40 1   0.7 (0.1) -17.8 (0.1)  2.7 (0.3) 0.2     BO
OriI-2       05 35 33.2 -01 46 50 1    0.2 (0.1)  11.8 (0.3) 2.1 (0.6) 0.1     BO
S233          05 35 48.8  35 43 41 1    7.1 (0.7) -17.1 (0.2) 7.7 (0.7) 0.9     BO
S231          05 35 51.3  35 44 16 1   14.0 (0.2) -16.5 (0.1) 5.4 (0.1) 2.5   MMI,
L1641-C       05 36 20.9 -07 02 43 1    1.5 (0.2)   4.4 (0.2) 4.1 (0.3) 0.4     BO
GGD4         05 37 21.3  23 49 22 1    4.7 (0.4)   2.8 (0.2) 9.5 (0.6) 0.5     BO
S235B(GGD5)  05 37 31.0  35 39 55 1    7.9 (0.6) -16.2 (0.2) 8.3 (0.5) 0.9   MMI,BO
L1641-S3      05 37 31.1 -07 31 59 1    1.0 (0.2)   5.8 (0.3) 6.4 (0.8) 0.1     BO
L1641-S       05 38 02.7 -07 28 59 1    1.2 (0.1)   4.6 (0.1) 2.3 (0.2) 0.5     BO
L1641-S4      05 38 24.6 -08 08 20 1    1.4 (0.1)   5.5 (0.1) 1.6 (0.1) 0.8     BO
L1641-S2      05 40 23.2 -08 18 26 1    1.0 (0.1)   3.1 (0.1) 1.3 (0.1) 0.7     BO
HH26IR        05 43 31.1 -00 15 28 1    1.2 (0.2)  10.0 (0.3) 6.6 (1.2) 0.2     BO
HH24          05 43 34.2 -00 11 08 1    3.6 (0.1)   9.9 (0.1) 1.9 (0.1) 1.8     BO
NGC2068H2O 05 43 58.0 -00 04 00 1    4.3 (0.2)   8.0 (0.2) 6.4 (0.2) 0.6     BO
S242          05 49 05.2  26 58 52 1    0.8 (0.2)   0.5 (0.1) 1.6 (0.2) 0.5
L1617         05 49 09.1  02 47 48 1    1.0 (0.2)   8.6 (0.2) 3.4 (0.6) 0.3     BO
L1598-NW      05 49 27.9  08 20 48 1    0.7 (0.1)  11.6 (0.1) 1.3 (0.1) 0.5     BO
L1598         05 49 39.1  08 12 55 1    0.7 (0.1)  12.2 (0.5) 5.7 (0.8) 0.1     BO
AFGL5180      06 05 53.9  21 38 57 1   10.5 (0.6)   4.2 (0.1) 9.3 (0.4) 1.1     BO
G188.9+0.9    06 05 54.0  21 39 09 1    5.3 (0.7)   3.4 (0.1) 6.8 (0.5) 0.7
GGD_12-15     06 08 24.5 -06 11 12 1    6.2 (0.4)  11.0 (0.1) 5.6 (0.3) 1.0     BO
S254-258      06 09 57.9  18 00 12 1    7.2 (0.4)   7.5 (0.1) 7.8 (0.4) 0.9   MMII,BO
MonR2-E      06 10 21.8 -06 12 28 1    1.1 (0.1)  10.9 (0.4) 7.9 (0.8) 0.1     BO
S255          06 10 01.0  18 00 44 1    3.8 (0.1)   7.5 (0.1) 3.3 (0.1) 1.1   MMI,MMII
RNO73         06 30 52.7  04 02 27 1    0.3 (0.1)  15.5 (0.8) 3.9 (0.8) 0.7     BO
RMon         06 36 25.6  08 46 57 1    0.3 (0.1)   9.4 (0.2) 1.5 (0.3) 0.2     BO
MonOB1-D     06 38 17.8  09 39 03 1   4.3 (0.6)   5.1 (0.2)  5.5 (0.6) 0.7     BO
MonOB1-I     06 38 19.0  10 52 39 1   3.9 (0.3)  11.6 (0.1)  7.1 (0.4) 0.5     BO
MonOB1-G     06 38 27.0  09 58 28 1   0.4 (0.1)   4.7 (0.1)  1.3 (0.3) 0.3         BO
NGC2264(IR)  06 38 28.0  09 32 12 1   5.3 (0.8)   9.0 (0.8)  5.0 (0.8) 1.0     MMI, MMII
S287-N        06 45 19.2 -02 09 32 1   1.2 (0.1)  27.3 (0.1)  2.0 (0.2) 0.5         BO
BFS56         06 56 45.1 -03 50 41 1   2.3 (0.1)  26.6 (0.1)  2.5 (0.2) 0.9         BO
L1654         06 57 16.8 -07 42 16 1   0.2 (0.1)  13.6 (0.2)  1.0 (0.4) 0.2         BO
G9.62+0.19    18 03 16.0 -20 32 01 1   7.0 (0.7)   4.5 (0.8) 12.7 (0.8) 0.5        MMII
G11.91-0.15   18 09 18.1 -18 42 25 1   1.2 (0.2)  44.5 (0.4)  4.4 (0.7) 0.3        MMII
G12.22-0.12   18 09 45.0 -18 25 10 1   6.9 (0.2)  25.3 (0.1)  6.5 (0.2) 1.0        MMII
W33B          18 10 59.3 -18 02 40 1   3.0 (0.1)  58.1 (0.1)  4.0 (0.2) 0.7        MMII
W33-Met       18 11 15.7 -17 56 53 1  41.5 (0.3)  35.7 (0.1)  7.8 (0.1) 5.0         MMI
W33A          18 11 44.5 -17 52 56 1   6.3 (0.5)  38.8 (0.8) 15.7 (0.8) 0.4        MMII
18128-1640    18 12 51.1 -16 39 53 1   3.8 (0.3)  10.1 (0.3)  6.3 (0.6) 0.6        MMII
L483          18 14 50.6 -04 40 49 1   0.4 (0.3)   5.3 (0.7)  2.7 (1.2) 0.2         BO
G18.46-0.01   18 21 48.0 -12 53 02 1   1.7 (0.2)  50.7 (0.1)  2.5 (0.3) 0.6        MMII
G19.61-0.23   18 24 50.3 -11 58 34 1  11.8 (0.1)  42.4 (0.1)  9.2 (0.1) 1.2     MMI, MMII
G20.24+0.08   18 24 55.8 -11 16 24 1   1.8 (0.4)  71.9 (0.2)  1.7 (0.5) 1.0        MMII
L379IRS3      18 26 32.9 -15 17 51 1  12.0 (0.4)  17.8 (0.1)  6.6 (0.2) 1.7    MMI, MMII, BO
L379IRS2      18 27 43.4 -15 16 45 1   8.7 (0.6)  19.1 (0.3) 12.4 (1.0) 0.7         BO
18316-0608    18 31 39.0 -06 08 08 1   0.6 (0.1)  54.8 (0.1)  0.8 (0.4) 0.8        MMII
G23.01-0.41   18 31 56.7 -09 03 18 1   1.6 (0.2)  74.8 (0.2)  3.2 (0.4) 0.4        MMII
G24.33+0.11   18 32 32.3 -07 38 24 1   2.6 (0.3) 112.0 (0.3)  6.0 (0.6) 0.4        MMII
W42           18 33 30.3 -07 14 42 1   7.6 (0.2) 111.0 (0.1)  5.6 (0.2) 1.3         MMI
18379-0500    18 37 55.5 -05 00 34 1   7.1 (0.4)  32.1 (0.2)  7.0 (0.5) 1.0        MMII
G27.35-0.20   18 39 16.0 -05 06 35 1   0.8 (0.1)  97.0 (0.3)  3.3 (0.6) 0.2        MMII
G28.21-0.05   18 40 21.6 -04 16 26 1   5.5 (0.2)  96.8 (0.1)  7.2 (0.3) 0.7        MMII
G28.83-0.25   18 42 12.4 -03 49 08 1   4.5 (0.2)  87.3 (0.1)  5.6 (0.3) 0.8        MMII
G30.70-0.06   18 44 58.9 -02 04 07 1   7.9 (0.3)  88.8 (0.1)  6.1 (0.3) 1.2        MMII
G30.82+0.28   18 44 00.5 -01 48 29 1   0.6 (0.1)  92.7 (0.3)  2.3 (0.6) 0.3        MMII
G30.79-0.06   18 45 08.8 -01 59 12 1   3.2 (0.2)  93.9 (0.3)  8.2 (0.5) 0.4        MMII
G30.80-0.10   18 45 11.0 -01 57 57 1   1.0 (0.2)  91.9 (0.8)  3.7 (0.8) 0.3         MMI
W43M          18 45 36.8 -01 29 12 1   0.7 (0.3) 105.0 (1.0)  4.5 (2.6) 0.1        MMII
G33.13-0.09   18 49 33.6  00 04 25 1   1.3 (0.2)  74.2 (0.2)  3.1 (0.4) 0.4        MMII
18497+0022    18 49 46.9  00 22 07 1   3.1 (0.3)  74.6 (0.2)  9.5 (0.7) 0.3        MMII
G34.26+0.16   18 50 46.1  01 11 12 1  23.8 (0.2)  57.0 (0.1)  4.7 (0.1) 4.8     MMI, MMII
G35.03+0.35   18 51 30.3  01 57 30 1   2.7 (0.3)  52.5 (0.2)  8.1 (0.8) 0.3        MMII
G35.05-0.52   18 54 37.1  01 35 01 1   2.6 (0.1)  50.5 (0.1)  3.6 (0.1) 0.7         MMI
18572+0057    18 57 16.2  00 57 20 1   1.6 (0.1)  46.3 (0.1)  4.3 (0.3) 0.4        MMII
W48           18 59 13.8  01 09 20 1   8.4 (0.1)  43.9 (0.1)  5.7 (0.1) 1.4        MMII
G40.62-0.14   19 03 34.9  06 41 55 1   5.3 (0.1)  32.9 (0.1)  5.4 (0.1) 0.9        MMII
W49           19 07 51.7  09 01 11 1   8.8 (0.3)   2.8 (0.1)  7.3 (0.2) 1.1    MMI, MMII, BO
G43.80-0.13   19 09 30.8  09 30 47 1   4.5 (0.2)  42.4 (0.1)  6.0 (0.3) 0.7        MMII
G45.07+0.13   19 11 00.4  10 45 43 1   5.5 (0.5)  58.0 (0.3) 10.0 (0.4) 0.5        MMII
G45.47+0.13   19 11 47.5  11 07 14 1   4.8 (0.1)  61.8 (0.1)  5.5 (0.1) 0.8        MMII
G45.47+0.05   19 12 04.4  11 04 11 1   2.0 (0.2)  56.4 (0.3)  7.0 (0.8) 0.3        MMII
L673          19 18 08.0  11 14 00 1   5.7 (0.1)   5.8 (0.1) 10.3 (0.3) 0.5         BO
W51           19 21 24.4  14 24 48 1  19.0 (2.2)  61.2 (0.8) 20.3 (0.8) 0.9        MMII
W51-Met1      19 21 26.2  14 23 32 1  29.8 (0.2)  56.3 (0.1)  8.6 (0.1) 3.3         MMI
W51e1/e2     19 21 26.2  14 24 43 1  06.0 (0.7)  57.2 (0.1) 10.3 (0.1) 9.6         MMI
W51-Met2      19 21 28.8  14 23 47 1  25.7 (0.2)  56.3 (0.1)  9.2 (0.1) 2.6         MMI
W51-Met3      19 21 27.5  14 23 52 1  52.1 (0.2)  56.5 (0.1) 10.4 (0.1) 4.7         MMI
W51-Met4      19 21 25.6  14 25 41 1   1.5 (0.1)  51.3 (0.1)  2.8 (0.2) 0.5         MMI
W51-Met3       19 21 27.5 14 23 52 1   2.1 (0.2)  56.5 (0.1) 10.4 (0.1) 4.7        MMI
W51-Met4       19 21 25.6 14 25 41 1   1.5 (0.1)  51.3 (0.1)  2.8 (0.2) 0.5        MMI
W51-Met5       19 21 20.5 14 24 12 1   3.8 (0.2)  51.4 (0.1)  4.6 (0.3) 0.8        MMI
W51M           19 21 36.2 14 24 43 1   9.6 (0.2)  59.6 (0.1) 10.3 (0.2) 0.9        MMI
L810           19 43 21.7 27 43 37 1   5.6 (0.1)  16.6 (0.1)  5.3 (0.1) 1.0        BO
19589+3320     19 58 57.0 33 20 47 1   0.5 (0.6) -21.7 (1.4)  2.6 (1.6) 0.2       MMII
ON1            20 08 09.9 31 22 42 1   1.8 (0.4)   5.8 (0.8)  9.2 (0.8) 0.2   MMI, MMII, BO
20126+4104     20 12 41.0 41 04 20 1   4.7 (0.4)  -3.2 (0.1)  6.1 (0.4) 0.7        BO
ON2            20 19 50.0 37 16 30 1  21.4 (0.1)  -0.1 (0.1)  8.0 (0.1) 2.5    MMI, MMII
AFGL2591       20 27 35.2 40 01 09 1   9.7 (0.2)  -6.2 (0.1)  5.0 (0.1) 1.8        BO
W75N           20 36 51.1 42 27 20 1  16.5 (0.2)   9.5 (0.1)  4.4 (0.1) 3.2   MMI, MMII, BO
DR21-West      20 37 07.6 42 08 46 1  11.4 (0.4)  -4.2 (0.2) 11.2 (0.4) 1.0        MMI
DR21-Met_C     20 37 12.6 42 08 46 1  14.1 (0.5)  -2.0 (0.1) 11.0 (0.4) 1.2        MMI
L1036          20 37 43.1 56 58 56 1   0.3 (0.1)  -2.7 (0.1)  1.5 (0.3) 0.2        BO
L1157          20 38 39.6 67 51 33 1   1.3 (0.2)   2.7 (0.2)  4.3 (0.7) 0.3        BO
PVCep          20 45 23.6 67 46 36 1   0.5 (0.1)   2.3 (0.6)  5.8 (1.1) 0.1        BO
V1057Cyg       20 57 06.2 44 03 47 1   0.8 (0.1)   4.3 (0.1)  1.4 (0.1) 0.5        BO
L1228          20 58 14.5 77 24 05 1   1.6 (0.1)  -8.0 (0.2)  8.4 (0.7) 0.2        BO
V1331Cyg       20 59 32.3 50 09 53 1   0.3 (0.2)   1.3 (0.8)  1.7 (1.1) 0.2        BO
L988-a         21 00 44.9 49 51 13 1   1.0 (0.2)   0.8 (0.1)  1.5 (0.2) 0.6        BO
L988-e         21 02 19.6 50 02 40 1   0.8 (0.2)  -2.0 (0.1)  2.0 (0.3) 0.4        BO
IC1396W        21 24 38.7 57 43 14 1   0.8 (0.1)   3.5 (0.4)  5.1 (0.9) 0.1        BO
V645Cyg        21 38 11.3 50 00 45 1   2.2 (0.1) -43.9 (0.1)  6.4 (0.3) 0.3     BO,MMII
NGC7129        21 41 52.0 65 49 50 1   1.2 (0.1)  -9.9 (0.1)  1.7 (0.1) 0.7        BO
R146           21 42 40.0 65 52 57 1   0.2 (0.1)  -9.5 (0.1)  1.4 (0.2) 0.2        MMI
IC1396E        21 44 30.8 57 12 29 1   0.7 (0.1)  -1.7 (0.1)  1.3 (0.3) 0.5        BO
EL1-12        21 45 26.8 47 18 08 1   1.6 (0.3)   6.5 (0.5)  5.6 (0.8) 0.3   BO
BD+463471      21 50 39.4 46 59 42 1   0.1 (0.1)   5.1 (0.8)  3.0 (0.1) 0.1   BO
S140N          22 17 51.1 63 17 50 1   4.8 (0.2)  -8.2 (0.1)  2.6 (0.1) 1.8   BO
L1204-A        22 19 50.7 63 36 33 1   2.2 (0.5) -11.2 (0.3)  5.3 (0.9) 0.4   BO
L1204-B        22 19 55.7 63 22 12 1   3.4 (0.3) -10.8 (0.2)  7.2 (0.7) 0.5   BO
L1221          22 26 37.2 68 45 52 1   1.6 (0.1)  -4.3 (0.1)  2.2 (0.2) 0.7   BO
L1203          22 26 46.7 62 44 22 1   5.1 (0.2)  -1.5 (0.1)  3.6 (0.2) 1.3   BO
L1206          22 27 12.2 63 58 21 1   0.2 (0.1) -13.3 (0.1)  0.8 (1.7) 0.2   BO
L1251-A        22 34 22.0 75 01 32 1   0.9 (0.2)  -3.9 (0.4)  5.2 (0.9) 0.2   BO
L1251-B        22 37 40.8 74 55 50 1   2.0 (0.1)  -3.9 (0.1)  2.6 (0.1) 0.7   BO
L1211          22 45 23.3 61 46 07 1   2.8 (0.2) -10.6 (0.1)  2.6 (0.3) 1.0   BO
CepE          23 01 10.1 61 26 16 1   1.6 (0.1) -11.0 (0.1)  2.7 (0.1) 0.6   BO
23032+5937     23 03 16.9 59 37 40 1   5.6 (0.4) -51.2 (0.8) 11.1 (0.8) 0.5   BO
CepC          23 03 45.6 62 13 49 1   2.0 (0.3)  -9.9 (0.3)  4.9 (0.9) 0.4   BO
NGC7538S      23 11 36.1 61 10 30 1   5.7 (0.2) -52.1 (0.1)  5.7 (0.2) 0.9   MMI
23139+5939     23 13 57.9 59 39 00 1   4.1 (0.1) -45.0 (0.1)  3.1 (0.1) 1.3   BO
MWC1080        23 15 14.6 60 34 21 1   2.0 (0.1) -31.1 (0.1)  3.5 (0.1) 0.5   BO